091016303446
081518232442
061617223045
051718213047
081213303249
080913294044
071219203744
041920253440
091112323441
091516232649
051820243334
061920233047
081421233132
051127283041
091024283242
091317262748
071014323940
071213283942
091819212543
070817313349
080918303541
051520213248
051216343540
060926293043
071519272848
071619252930
041718253546
071822243637
041720213745
081024253538
071516203643
061819242641
070924253345
061321223546
041124293839
071719233435
071621223147
081020213442
081719282943
071416273334
091020223844
061415233743
041623243240
081521223841
041826273034
061314273847
121320253341
061027283136
061317323340
051325263244
101121243740
081718222640
081214272846
071022233348
051823263536
091920263136
091517253637
051621253738
070820263845
051522233146
061420213639
141520243141
061516253241
081617243741
071115264142
031828293235
111221233642
081319202448
051617263142
101120233541
080917233846
091014214147
091314253549
131420263042
111220223043
051124253149
091015273943
091018293145
091415283438
041921223339
051923273233
041328293337
081216252647
091617202947
081011303945
051418224243
061224253443
061118283940
091217303140
081115353640
041321244142
071114234445
071319313243
081415253339
070821243944
051519263839
061519293334
091621243536
041819233148
051524293037
