010612344049


010617283442
010620384247
011219283046
011316343842
012024283742
020623283039
020820313437
021013414448
021420283945
021720262841
021824264349
031218304144
031824323546
040721283640
040816333540
040918264245
040922283047
041118303946
041220274348
041519262842
041619283045
050813404446
051216284144
052024264247
061324324548
061418314249
061422314049
061423323548
081024324349
081624323537
081924404247
082124424649
092224283047
101217284449
101225293448
111416273842
111422262849
111423263038
121619404447
121820334649
121924284043
122123283036
132022363944
132224283049
142023284649
161825334244
161922273440
202224293643
202224313643
