010203050607
010203060708
010203070809
010203080910
010203091011
010203101112
010203111213
010203121314
010203131415
010203141516
010203151617
010203161718
010203171819
010203181920
010203192021
010203202122
010203212223
010203222324
010203232425
010203242526
010203252627
010203262728
010203272829
010203282930
010203293031
010203303132
010203313233
010203323334
010203333435
010203343536
010203353637
010203363738
010203373839
010203383940
010203394041
010203404142
010203414243
010203424344
010203434445
010203444546
010203454647
010203464748
010203474849
020304060708
020304070809
020304080910
020304091011
020304101112
020304111213
020304121314
020304131415
020304141516
020304151617
020304161718
020304171819
020304181920
020304192021
020304202122
020304212223
020304222324
020304232425
020304242526
020304252627
020304262728
020304272829
020304282930
020304293031
020304303132
020304313233
020304323334
020304333435
020304343536
020304353637
020304363738
020304373839
020304383940
020304394041
020304404142
020304414243
020304424344
020304434445
020304444546
020304454647
020304464748
020304474849
030405070809
030405080910
030405091011
030405101112
030405111213
030405121314
030405131415
030405141516
030405151617
030405161718
030405171819
030405181920
030405192021
030405202122
030405212223
030405222324
030405232425
030405242526
030405252627
030405262728
030405272829
030405282930
030405293031
030405303132
030405313233
030405323334
030405333435
030405343536
030405353637
030405363738
030405373839
030405383940
030405394041
030405404142
030405414243
030405424344
030405434445
030405444546
030405454647
030405464748
030405474849
040506080910
040506091011
040506101112
040506111213
040506121314
040506131415
040506141516
040506151617
040506161718
040506171819
040506181920
040506192021
040506202122
040506212223
040506222324
040506232425
040506242526
040506252627
040506262728
040506272829
040506282930
040506293031
040506303132
040506313233
040506323334
040506333435
040506343536
040506353637
040506363738
040506373839
040506383940
040506394041
040506404142
040506414243
040506424344
040506434445
040506444546
040506454647
040506464748
040506474849
050607091011
050607101112
050607111213
050607121314
050607131415
050607141516
050607151617
050607161718
050607171819
050607181920
050607192021
050607202122
050607212223
050607222324
050607232425
050607242526
050607252627
050607262728
050607272829
050607282930
050607293031
050607303132
050607313233
050607323334
050607333435
050607343536
050607353637
050607363738
050607373839
050607383940
050607394041
050607404142
050607414243
050607424344
050607434445
050607444546
050607454647
050607464748
050607474849
060708101112
060708111213
060708121314
060708131415
060708141516
060708151617
060708161718
060708171819
060708181920
060708192021
060708202122
060708212223
060708222324
060708232425
060708242526
060708252627
060708262728
060708272829
060708282930
060708293031
060708303132
060708313233
060708323334
060708333435
060708343536
060708353637
060708363738
060708373839
060708383940
060708394041
060708404142
060708414243
060708424344
060708434445
060708444546
060708454647
060708464748
060708474849
070809111213
070809121314
070809131415
070809141516
070809151617
070809161718
070809171819
070809181920
070809192021
070809202122
070809212223
070809222324
070809232425
070809242526
070809252627
070809262728
070809272829
070809282930
070809293031
070809303132
070809313233
070809323334
070809333435
070809343536
070809353637
070809363738
070809373839
070809383940
070809394041
070809404142
070809414243
070809424344
070809434445
070809444546
070809454647
070809464748
070809474849
080910121314
080910131415
080910141516
080910151617
080910161718
080910171819
080910181920
080910192021
080910202122
080910212223
080910222324
080910232425
080910242526
080910252627
080910262728
080910272829
080910282930
080910293031
080910303132
080910313233
080910323334
080910333435
080910343536
080910353637
080910363738
080910373839
080910383940
080910394041
080910404142
080910414243
080910424344
080910434445
080910444546
080910454647
080910464748
080910474849
091011131415
091011141516
091011151617
091011161718
091011171819
091011181920
091011192021
091011202122
091011212223
091011222324
091011232425
091011242526
091011252627
091011262728
091011272829
091011282930
091011293031
091011303132
091011313233
091011323334
091011333435
091011343536
091011353637
091011363738
091011373839
091011383940
091011394041
091011404142
091011414243
091011424344
091011434445
091011444546
091011454647
091011464748
091011474849
101112141516
101112151617
101112161718
101112171819
101112181920
101112192021
101112202122
101112212223
101112222324
101112232425
101112242526
101112252627
101112262728
101112272829
101112282930
101112293031
101112303132
101112313233
101112323334
101112333435
101112343536
101112353637
101112363738
101112373839
101112383940
101112394041
101112404142
101112414243
101112424344
101112434445
101112444546
101112454647
101112464748
101112474849
111213151617
111213161718
111213171819
111213181920
111213192021
111213202122
111213212223
111213222324
111213232425
111213242526
111213252627
111213262728
111213272829
111213282930
111213293031
111213303132
111213313233
111213323334
111213333435
111213343536
111213353637
111213363738
111213373839
111213383940
111213394041
111213404142
111213414243
111213424344
111213434445
111213444546
111213454647
111213464748
111213474849
121314161718
121314171819
121314181920
121314192021
121314202122
121314212223
121314222324
121314232425
121314242526
121314252627
121314262728
121314272829
121314282930
121314293031
121314303132
121314313233
121314323334
121314333435
121314343536
121314353637
121314363738
121314373839
121314383940
121314394041
121314404142
121314414243
121314424344
121314434445
121314444546
121314454647
121314464748
121314474849
131415171819
131415181920
131415192021
131415202122
131415212223
131415222324
131415232425
131415242526
131415252627
131415262728
131415272829
131415282930
131415293031
131415303132
131415313233
131415323334
131415333435
131415343536
131415353637
131415363738
131415373839
131415383940
131415394041
131415404142
131415414243
131415424344
131415434445
131415444546
131415454647
131415464748
131415474849
141516181920
141516192021
141516202122
141516212223
141516222324
141516232425
141516242526
141516252627
141516262728
141516272829
141516282930
141516293031
141516303132
141516313233
141516323334
141516333435
141516343536
141516353637
141516363738
141516373839
141516383940
141516394041
141516404142
141516414243
141516424344
141516434445
141516444546
141516454647
141516464748
141516474849
151617192021
151617202122
151617212223
151617222324
151617232425
151617242526
151617252627
151617262728
151617272829
151617282930
151617293031
151617303132
151617313233
151617323334
151617333435
151617343536
151617353637
151617363738
151617373839
151617383940
151617394041
151617404142
151617414243
151617424344
151617434445
151617444546
151617454647
151617464748
151617474849
161718202122
161718212223
161718222324
161718232425
161718242526
161718252627
161718262728
161718272829
161718282930
161718293031
161718303132
161718313233
161718323334
161718333435
161718343536
161718353637
161718363738
161718373839
161718383940
161718394041
161718404142
161718414243
161718424344
161718434445
161718444546
161718454647
161718464748
161718474849
171819212223
171819222324
171819232425
171819242526
171819252627
171819262728
171819272829
171819282930
171819293031
171819303132
171819313233
171819323334
171819333435
171819343536
171819353637
171819363738
171819373839
171819383940
171819394041
171819404142
171819414243
171819424344
171819434445
171819444546
171819454647
171819464748
171819474849
181920222324
181920232425
181920242526
181920252627
181920262728
181920272829
181920282930
181920293031
181920303132
181920313233
181920323334
181920333435
181920343536
181920353637
181920363738
181920373839
181920383940
181920394041
181920404142
181920414243
181920424344
181920434445
181920444546
181920454647
181920464748
181920474849
192021232425
192021242526
192021252627
192021262728
192021272829
192021282930
192021293031
192021303132
192021313233
192021323334
192021333435
192021343536
192021353637
192021363738
192021373839
192021383940
192021394041
192021404142
192021414243
192021424344
192021434445
192021444546
192021454647
192021464748
192021474849
202122242526
202122252627
202122262728
202122272829
202122282930
202122293031
202122303132
202122313233
202122323334
202122333435
202122343536
202122353637
202122363738
202122373839
202122383940
202122394041
202122404142
202122414243
202122424344
202122434445
202122444546
202122454647
202122464748
202122474849
212223252627
212223262728
212223272829
212223282930
212223293031
212223303132
212223313233
212223323334
212223333435
212223343536
212223353637
212223363738
212223373839
212223383940
212223394041
212223404142
212223414243
212223424344
212223434445
212223444546
212223454647
212223464748
212223474849
222324262728
222324272829
222324282930
222324293031
222324303132
222324313233
222324323334
222324333435
222324343536
222324353637
222324363738
222324373839
222324383940
222324394041
222324404142
222324414243
222324424344
222324434445
222324444546
222324454647
222324464748
222324474849
232425272829
232425282930
232425293031
232425303132
232425313233
232425323334
232425333435
232425343536
232425353637
232425363738
232425373839
232425383940
232425394041
232425404142
232425414243
232425424344
232425434445
232425444546
232425454647
232425464748
232425474849
242526282930
242526293031
242526303132
242526313233
242526323334
242526333435
242526343536
242526353637
242526363738
242526373839
242526383940
242526394041
242526404142
242526414243
242526424344
242526434445
242526444546
242526454647
242526464748
242526474849
252627293031
252627303132
252627313233
252627323334
252627333435
252627343536
252627353637
252627363738
252627373839
252627383940
252627394041
252627404142
252627414243
252627424344
252627434445
252627444546
252627454647
252627464748
252627474849
262728303132
262728313233
262728323334
262728333435
262728343536
262728353637
262728363738
262728373839
262728383940
262728394041
262728404142
262728414243
262728424344
262728434445
262728444546
262728454647
262728464748
262728474849
272829313233
272829323334
272829333435
272829343536
272829353637
272829363738
272829373839
272829383940
272829394041
272829404142
272829414243
272829424344
272829434445
272829444546
272829454647
272829464748
272829474849
282930323334
282930333435
282930343536
282930353637
282930363738
282930373839
282930383940
282930394041
282930404142
282930414243
282930424344
282930434445
282930444546
282930454647
282930464748
282930474849
293031333435
293031343536
293031353637
293031363738
293031373839
293031383940
293031394041
293031404142
293031414243
293031424344
293031434445
293031444546
293031454647
293031464748
293031474849
303132343536
303132353637
303132363738
303132373839
303132383940
303132394041
303132404142
303132414243
303132424344
303132434445
303132444546
303132454647
303132464748
303132474849
313233353637
313233363738
313233373839
313233383940
313233394041
313233404142
313233414243
313233424344
313233434445
313233444546
313233454647
313233464748
313233474849
323334363738
323334373839
323334383940
323334394041
323334404142
323334414243
323334424344
323334434445
323334444546
323334454647
323334464748
323334474849
333435373839
333435383940
333435394041
333435404142
333435414243
333435424344
333435434445
333435444546
333435454647
333435464748
333435474849
343536383940
343536394041
343536404142
343536414243
343536424344
343536434445
343536444546
343536454647
343536464748
343536474849
353637394041
353637404142
353637414243
353637424344
353637434445
353637444546
353637454647
353637464748
353637474849
363738404142
363738414243
363738424344
363738434445
363738444546
363738454647
363738464748
363738474849
373839414243
373839424344
373839434445
373839444546
373839454647
373839464748
373839474849
383940424344
383940434445
383940444546
383940454647
383940464748
383940474849
394041434445
394041444546
394041454647
394041464748
394041474849
404142444546
404142454647
404142464748
404142474849
414243454647
414243464748
414243474849
424344464748
424344474849
434445474849
