102627293140
102627293142
102627293144
102627293146
102627293148
102627293241
102627293243
102627293245
102627293247
102627293249
102627293340
102627293342
102627293344
102627293346
102627293348
102627293441
102627293443
102627293445
102627293447
102627293540
102627293544
102627293546
102627293641
102627293645
102627293647
102627293649
102627293740
102627293742
102627293744
102627293746
102627293841
102627293843
102627293845
102627293849
102627293942
102627293944
102627293946
102628293143
102628293145
102628293147
102628293343
102628293345
102628293347
102628293743
102628293745
102628293747
102628293945
102628293947
102630313341
102630313343
102630313345
102630313347
102630313349
102630313541
102630313545
102630313547
102630313741
102630313743
102630313745
102630313747
102630313749
102630313943
102630313945
102630313947
102630333541
102630333543
102630333545
102630333547
102630333549
102630333741
102630333743
102630333745
102630333747
102630333941
102630333943
102630353741
102630353743
102630353941
102631323541
102631323543
102631323545
102631323547
102631323549
102631323741
102631323743
102631323745
102631323747
102631323941
102631333441
102631333443
102631333445
102631333449
102631333540
102631333542
102631333544
102631333546
102631333548
102631333641
102631333643
102631333645
102631333740
102631333742
102631333744
102631333841
102631333843
102631333940
102631333942
102631343541
102631343543
102631343545
102631343741
102631343743
102631343941
102631353641
102631353643
102631353740
102631353742
102631353841
102631353940
102631363741
102632333543
102632333545
102632333743
102632353741
102633343741
102633353641
102633353740
102730313340
102730313342
102730313344
102730313346
102730313441
102730313443
102730313445
102730313447
102730313540
102730313542
102730313544
102730313546
102730313548
102730313641
102730313643
102730313645
102730313647
102730313649
102730313740
102730313742
102730313744
102730313746
102730313748
102730313841
102730313843
102730313845
102730313847
102730313942
102730323341
102730323343
102730323345
102730323347
102730323349
102730323543
102730323545
102730323547
102730323549
102730323741
102730323743
102730323941
102730333441
102730333443
102730333445
102730333447
102730333449
102730333540
102730333542
102730333544
102730333546
102730333548
102730333641
102730333643
102730333645
102730333740
102730333742
102730333744
102730333841
102730333942
102730343541
102730343543
102730343545
102730343741
102730343743
102730343941
102730353641
102730353643
102730353740
102730353742
102730353841
102730353940
102730363741
102731323441
102731323443
102731323449
102731323540
102731323542
102731323544
102731323546
102731323641
102731323643
102731323645
102731323740
102731323742
102731323744
102731323843
102731333440
102731333442
102731333444
102731333446
102731333640
102731333642
102731333644
102731333840
102731333842
102731343540
102731343544
102731343641
102731343643
102731343740
102731343742
102731343841
102731343940
102731353640
102731353840
102731363740
102732333540
102732333542
102732333544
102732333641
102732333643
102732333740
102732333742
102732333841
102732343541
102732343543
102732343741
102732353641
102732353740
102733343641
102733343740
102733353640
102830313341
102830313343
102830313345
102830313347
102830313349
102830313541
102830313545
102830313547
102830313549
102830313741
102830313743
102830313745
102830313941
102830313943
102830333541
102830333543
102830333545
102830333741
102830333743
102830333941
102830353741
102831323541
102831323543
102831323545
102831323941
102831333441
102831333443
102831333445
102831333540
102831333542
102831333544
102831333641
102831333643
102831333740
102831333742
102831333841
102831333940
102831343541
102831343543
102831343741
102831353641
102832333541
102832333543
102832333741
102930323543
102930323545
102930323743
102930333542
102930333544
102930333641
102930333643
102930333742
102930333841
102930343741
102931323443
102931323540
102931323542
102931323544
102931323740
102931323742
102931333440
102931333442
102931333444
102931333640
102931333642
102931343540
102931343542
102932333540
112627293240
112627293242
112627293244
112627293246
112627293248
112627293440
112627293442
112627293444
112627293446
112627293448
112627293640
112627293642
112627293644
112627293840
112627293842
112627293844
112627293846
112627293848
112628293140
112628293142
112628293144
112628293146
112628293241
112628293243
112628293245
112628293249
112628293340
112628293342
112628293344
112628293346
112628293348
112628293441
112628293443
112628293445
112628293447
112628293449
112628293540
112628293542
112628293544
112628293546
112628293548
112628293641
112628293643
112628293645
112628293647
112628293649
112628293740
112628293742
112628293746
112628293748
112628293841
112628293843
112628293845
112628293847
112628293849
112628293942
112628293944
112628293946
112628293948
112630313344
112630313346
112630313348
112630313540
112630313542
112630313544
112630313546
112630313548
112630313643
112630313740
112630313742
112630313744
112630313841
112630313843
112630313942
112630323341
112630323343
112630323345
112630323347
112630323349
112630323541
112630323543
112630323545
112630323741
112630323743
112630333443
112630333540
112630333544
112630333643
112630333740
112630333742
112630333841
112630333940
112630343543
112630353740
112631323441
112631323443
112631323540
112631323542
112631323544
112631323641
112631323643
112631323740
112631323742
112631323841
112631333440
112631333444
112631333640
112631343540
112631343542
112631343740
112631353640
112632333540
112632333542
112632333641
112632333740
112632343541
112730313442
112730313444
112730313640
112730313642
112730313644
112730313840
112730313842
112730323340
112730323342
112730323344
112730323346
112730323441
112730323443
112730323445
112730323542
112730323544
112730323641
112730323643
112730323740
112730323742
112730323841
112730323940
112730333440
112730333442
112730333444
112730333640
112730333642
112730333840
112730343740
112730353640
112731323442
112731323444
112731323640
112731323642
112731323840
112830313342
112830313344
112830313346
112830313441
112830313443
112830313540
112830313542
112830313544
112830313740
112830313742
112830313841
112830323341
112830323343
112830323345
112830323541
112830323543
112830333443
112830333540
112831323441
112831323443
112831323540
112831323542
112831333440
112930323441
112930323443
112930323540
112931323440
122627293140
122627293142
122627293144
122627293241
122627293243
122627293245
122627293247
122627293249
122627293340
122627293342
122627293344
122627293346
122627293348
122627293441
122627293443
122627293445
122627293447
122627293449
122627293540
122627293542
122627293544
122627293546
122627293548
122627293643
122627293645
122627293647
122627293649
122627293740
122627293742
122627293744
122627293841
122627293843
122627293845
122627293847
122627293944
122627293946
122628293141
122628293145
122628293147
122628293149
122628293341
122628293345
122628293347
122628293349
122628293545
122628293547
122628293549
122628293741
122628293745
122628293747
122628293941
122628293945
122630313341
122630313343
122630313345
122630313541
122630313741
122631323541
122631333441
122631333540
122730313340
122730313342
122730313344
122730313441
122730313443
122730313540
122730313542
122730313641
122730313740
122730323341
122730323343
122730323541
122730333441
122730333540
122731323441
122830313341
122830313343
122830313541
132627293242
132627293246
132627293248
132627293442
132627293444
132627293446
132627293448
132627293642
132627293644
132627293646
132627293842
132627293844
132628293142
132628293144
132628293148
132628293241
132628293243
132628293245
132628293249
132628293441
132628293443
132628293445
132628293447
132628293540
132628293542
132628293544
132628293546
132628293641
132628293643
132628293645
132628293740
132628293742
132628293744
132628293841
132628293843
132630313340
132630313441
132630323341
132730323340
132830313340
142627293140
142627293142
142627293146
142627293148
142627293241
142627293243
142627293245
142627293247
142627293249
142627293340
142627293342
142627293344
142627293346
142627293441
142627293443
142627293445
142627293540
142627293542
142627293544
142627293641
142627293740
142627293742
142627293841
142628293141
142628293143
142628293145
142628293147
142628293149
142628293341
142628293343
142628293345
142628293543
142628293741
152627293240
152627293242
152627293244
152627293440
152627293442
152627293640
152628293140
152628293142
152628293144
152628293241
152628293243
152628293340
152628293342
152628293441
152628293540
162627293140
162627293142
162627293144
162627293241
162627293243
162627293340
172627293240
172628293140
