010203040607
010203040708
010203040809
010203040910
010203041011
010203041112
010203041213
010203041314
010203041415
010203041516
010203041617
010203041718
010203041819
010203041920
010203042021
010203042122
010203042223
010203042324
010203042425
010203042526
010203042627
010203042728
010203042829
010203042930
010203043031
010203043132
010203043233
010203043334
010203043435
010203043536
010203043637
010203043738
010203043839
010203043940
010203044041
010203044142
010203044243
010203044344
010203044445
010203044546
010203044647
010203044748
010203044849
010204050607
010205060708
010206070809
010207080910
010208091011
010209101112
010210111213
010211121314
010212131415
010213141516
010214151617
010215161718
010216171819
010217181920
010218192021
010219202122
010220212223
010221222324
010222232425
010223242526
010224252627
010225262728
010226272829
010227282930
010228293031
010229303132
010230313233
010231323334
010232333435
010233343536
010234353637
010235363738
010236373839
010237383940
010238394041
010239404142
010240414243
010241424344
010242434445
010243444546
010244454647
010245464748
010246474849
020304050708
020304050809
020304050910
020304051011
020304051112
020304051213
020304051314
020304051415
020304051516
020304051617
020304051718
020304051819
020304051920
020304052021
020304052122
020304052223
020304052324
020304052425
020304052526
020304052627
020304052728
020304052829
020304052930
020304053031
020304053132
020304053233
020304053334
020304053435
020304053536
020304053637
020304053738
020304053839
020304053940
020304054041
020304054142
020304054243
020304054344
020304054445
020304054546
020304054647
020304054748
020304054849
020305060708
020306070809
020307080910
020308091011
020309101112
020310111213
020311121314
020312131415
020313141516
020314151617
020315161718
020316171819
020317181920
020318192021
020319202122
020320212223
020321222324
020322232425
020323242526
020324252627
020325262728
020326272829
020327282930
020328293031
020329303132
020330313233
020331323334
020332333435
020333343536
020334353637
020335363738
020336373839
020337383940
020338394041
020339404142
020340414243
020341424344
020342434445
020343444546
020344454647
020345464748
020346474849
030405060809
030405060910
030405061011
030405061112
030405061213
030405061314
030405061415
030405061516
030405061617
030405061718
030405061819
030405061920
030405062021
030405062122
030405062223
030405062324
030405062425
030405062526
030405062627
030405062728
030405062829
030405062930
030405063031
030405063132
030405063233
030405063334
030405063435
030405063536
030405063637
030405063738
030405063839
030405063940
030405064041
030405064142
030405064243
030405064344
030405064445
030405064546
030405064647
030405064748
030405064849
030406070809
030407080910
030408091011
030409101112
030410111213
030411121314
030412131415
030413141516
030414151617
030415161718
030416171819
030417181920
030418192021
030419202122
030420212223
030421222324
030422232425
030423242526
030424252627
030425262728
030426272829
030427282930
030428293031
030429303132
030430313233
030431323334
030432333435
030433343536
030434353637
030435363738
030436373839
030437383940
030438394041
030439404142
030440414243
030441424344
030442434445
030443444546
030444454647
030445464748
030446474849
040506070910
040506071011
040506071112
040506071213
040506071314
040506071415
040506071516
040506071617
040506071718
040506071819
040506071920
040506072021
040506072122
040506072223
040506072324
040506072425
040506072526
040506072627
040506072728
040506072829
040506072930
040506073031
040506073132
040506073233
040506073334
040506073435
040506073536
040506073637
040506073738
040506073839
040506073940
040506074041
040506074142
040506074243
040506074344
040506074445
040506074546
040506074647
040506074748
040506074849
040507080910
040508091011
040509101112
040510111213
040511121314
040512131415
040513141516
040514151617
040515161718
040516171819
040517181920
040518192021
040519202122
040520212223
040521222324
040522232425
040523242526
040524252627
040525262728
040526272829
040527282930
040528293031
040529303132
040530313233
040531323334
040532333435
040533343536
040534353637
040535363738
040536373839
040537383940
040538394041
040539404142
040540414243
040541424344
040542434445
040543444546
040544454647
040545464748
040546474849
050607081011
050607081112
050607081213
050607081314
050607081415
050607081516
050607081617
050607081718
050607081819
050607081920
050607082021
050607082122
050607082223
050607082324
050607082425
050607082526
050607082627
050607082728
050607082829
050607082930
050607083031
050607083132
050607083233
050607083334
050607083435
050607083536
050607083637
050607083738
050607083839
050607083940
050607084041
050607084142
050607084243
050607084344
050607084445
050607084546
050607084647
050607084748
050607084849
050608091011
050609101112
050610111213
050611121314
050612131415
050613141516
050614151617
050615161718
050616171819
050617181920
050618192021
050619202122
050620212223
050621222324
050622232425
050623242526
050624252627
050625262728
050626272829
050627282930
050628293031
050629303132
050630313233
050631323334
050632333435
050633343536
050634353637
050635363738
050636373839
050637383940
050638394041
050639404142
050640414243
050641424344
050642434445
050643444546
050644454647
050645464748
050646474849
060708091112
060708091213
060708091314
060708091415
060708091516
060708091617
060708091718
060708091819
060708091920
060708092021
060708092122
060708092223
060708092324
060708092425
060708092526
060708092627
060708092728
060708092829
060708092930
060708093031
060708093132
060708093233
060708093334
060708093435
060708093536
060708093637
060708093738
060708093839
060708093940
060708094041
060708094142
060708094243
060708094344
060708094445
060708094546
060708094647
060708094748
060708094849
060709101112
060710111213
060711121314
060712131415
060713141516
060714151617
060715161718
060716171819
060717181920
060718192021
060719202122
060720212223
060721222324
060722232425
060723242526
060724252627
060725262728
060726272829
060727282930
060728293031
060729303132
060730313233
060731323334
060732333435
060733343536
060734353637
060735363738
060736373839
060737383940
060738394041
060739404142
060740414243
060741424344
060742434445
060743444546
060744454647
060745464748
060746474849
070809101213
070809101314
070809101415
070809101516
070809101617
070809101718
070809101819
070809101920
070809102021
070809102122
070809102223
070809102324
070809102425
070809102526
070809102627
070809102728
070809102829
070809102930
070809103031
070809103132
070809103233
070809103334
070809103435
070809103536
070809103637
070809103738
070809103839
070809103940
070809104041
070809104142
070809104243
070809104344
070809104445
070809104546
070809104647
070809104748
070809104849
070810111213
070811121314
070812131415
070813141516
070814151617
070815161718
070816171819
070817181920
070818192021
070819202122
070820212223
070821222324
070822232425
070823242526
070824252627
070825262728
070826272829
070827282930
070828293031
070829303132
070830313233
070831323334
070832333435
070833343536
070834353637
070835363738
070836373839
070837383940
070838394041
070839404142
070840414243
070841424344
070842434445
070843444546
070844454647
070845464748
070846474849
080910111314
080910111415
080910111516
080910111617
080910111718
080910111819
080910111920
080910112021
080910112122
080910112223
080910112324
080910112425
080910112526
080910112627
080910112728
080910112829
080910112930
080910113031
080910113132
080910113233
080910113334
080910113435
080910113536
080910113637
080910113738
080910113839
080910113940
080910114041
080910114142
080910114243
080910114344
080910114445
080910114546
080910114647
080910114748
080910114849
080911121314
080912131415
080913141516
080914151617
080915161718
080916171819
080917181920
080918192021
080919202122
080920212223
080921222324
080922232425
080923242526
080924252627
080925262728
080926272829
080927282930
080928293031
080929303132
080930313233
080931323334
080932333435
080933343536
080934353637
080935363738
080936373839
080937383940
080938394041
080939404142
080940414243
080941424344
080942434445
080943444546
080944454647
080945464748
080946474849
091011121415
091011121516
091011121617
091011121718
091011121819
091011121920
091011122021
091011122122
091011122223
091011122324
091011122425
091011122526
091011122627
091011122728
091011122829
091011122930
091011123031
091011123132
091011123233
091011123334
091011123435
091011123536
091011123637
091011123738
091011123839
091011123940
091011124041
091011124142
091011124243
091011124344
091011124445
091011124546
091011124647
091011124748
091011124849
091012131415
091013141516
091014151617
091015161718
091016171819
091017181920
091018192021
091019202122
091020212223
091021222324
091022232425
091023242526
091024252627
091025262728
091026272829
091027282930
091028293031
091029303132
091030313233
091031323334
091032333435
091033343536
091034353637
091035363738
091036373839
091037383940
091038394041
091039404142
091040414243
091041424344
091042434445
091043444546
091044454647
091045464748
091046474849
101112131516
101112131617
101112131718
101112131819
101112131920
101112132021
101112132122
101112132223
101112132324
101112132425
101112132526
101112132627
101112132728
101112132829
101112132930
101112133031
101112133132
101112133233
101112133334
101112133435
101112133536
101112133637
101112133738
101112133839
101112133940
101112134041
101112134142
101112134243
101112134344
101112134445
101112134546
101112134647
101112134748
101112134849
101113141516
101114151617
101115161718
101116171819
101117181920
101118192021
101119202122
101120212223
101121222324
101122232425
101123242526
101124252627
101125262728
101126272829
101127282930
101128293031
101129303132
101130313233
101131323334
101132333435
101133343536
101134353637
101135363738
101136373839
101137383940
101138394041
101139404142
101140414243
101141424344
101142434445
101143444546
101144454647
101145464748
101146474849
111213141617
111213141718
111213141819
111213141920
111213142021
111213142122
111213142223
111213142324
111213142425
111213142526
111213142627
111213142728
111213142829
111213142930
111213143031
111213143132
111213143233
111213143334
111213143435
111213143536
111213143637
111213143738
111213143839
111213143940
111213144041
111213144142
111213144243
111213144344
111213144445
111213144546
111213144647
111213144748
111213144849
111214151617
111215161718
111216171819
111217181920
111218192021
111219202122
111220212223
111221222324
111222232425
111223242526
111224252627
111225262728
111226272829
111227282930
111228293031
111229303132
111230313233
111231323334
111232333435
111233343536
111234353637
111235363738
111236373839
111237383940
111238394041
111239404142
111240414243
111241424344
111242434445
111243444546
111244454647
111245464748
111246474849
121314151718
121314151819
121314151920
121314152021
121314152122
121314152223
121314152324
121314152425
121314152526
121314152627
121314152728
121314152829
121314152930
121314153031
121314153132
121314153233
121314153334
121314153435
121314153536
121314153637
121314153738
121314153839
121314153940
121314154041
121314154142
121314154243
121314154344
121314154445
121314154546
121314154647
121314154748
121314154849
121315161718
121316171819
121317181920
121318192021
121319202122
121320212223
121321222324
121322232425
121323242526
121324252627
121325262728
121326272829
121327282930
121328293031
121329303132
121330313233
121331323334
121332333435
121333343536
121334353637
121335363738
121336373839
121337383940
121338394041
121339404142
121340414243
121341424344
121342434445
121343444546
121344454647
121345464748
121346474849
131415161819
131415161920
131415162021
131415162122
131415162223
131415162324
131415162425
131415162526
131415162627
131415162728
131415162829
131415162930
131415163031
131415163132
131415163233
131415163334
131415163435
131415163536
131415163637
131415163738
131415163839
131415163940
131415164041
131415164142
131415164243
131415164344
131415164445
131415164546
131415164647
131415164748
131415164849
131416171819
131417181920
131418192021
131419202122
131420212223
131421222324
131422232425
131423242526
131424252627
131425262728
131426272829
131427282930
131428293031
131429303132
131430313233
131431323334
131432333435
131433343536
131434353637
131435363738
131436373839
131437383940
131438394041
131439404142
131440414243
131441424344
131442434445
131443444546
131444454647
131445464748
131446474849
141516171920
141516172021
141516172122
141516172223
141516172324
141516172425
141516172526
141516172627
141516172728
141516172829
141516172930
141516173031
141516173132
141516173233
141516173334
141516173435
141516173536
141516173637
141516173738
141516173839
141516173940
141516174041
141516174142
141516174243
141516174344
141516174445
141516174546
141516174647
141516174748
141516174849
141517181920
141518192021
141519202122
141520212223
141521222324
141522232425
141523242526
141524252627
141525262728
141526272829
141527282930
141528293031
141529303132
141530313233
141531323334
141532333435
141533343536
141534353637
141535363738
141536373839
141537383940
141538394041
141539404142
141540414243
141541424344
141542434445
141543444546
141544454647
141545464748
141546474849
151617182021
151617182122
151617182223
151617182324
151617182425
151617182526
151617182627
151617182728
151617182829
151617182930
151617183031
151617183132
151617183233
151617183334
151617183435
151617183536
151617183637
151617183738
151617183839
151617183940
151617184041
151617184142
151617184243
151617184344
151617184445
151617184546
151617184647
151617184748
151617184849
151618192021
151619202122
151620212223
151621222324
151622232425
151623242526
151624252627
151625262728
151626272829
151627282930
151628293031
151629303132
151630313233
151631323334
151632333435
151633343536
151634353637
151635363738
151636373839
151637383940
151638394041
151639404142
151640414243
151641424344
151642434445
151643444546
151644454647
151645464748
151646474849
161718192122
161718192223
161718192324
161718192425
161718192526
161718192627
161718192728
161718192829
161718192930
161718193031
161718193132
161718193233
161718193334
161718193435
161718193536
161718193637
161718193738
161718193839
161718193940
161718194041
161718194142
161718194243
161718194344
161718194445
161718194546
161718194647
161718194748
161718194849
161719202122
161720212223
161721222324
161722232425
161723242526
161724252627
161725262728
161726272829
161727282930
161728293031
161729303132
161730313233
161731323334
161732333435
161733343536
161734353637
161735363738
161736373839
161737383940
161738394041
161739404142
161740414243
161741424344
161742434445
161743444546
161744454647
161745464748
161746474849
171819202223
171819202324
171819202425
171819202526
171819202627
171819202728
171819202829
171819202930
171819203031
171819203132
171819203233
171819203334
171819203435
171819203536
171819203637
171819203738
171819203839
171819203940
171819204041
171819204142
171819204243
171819204344
171819204445
171819204546
171819204647
171819204748
171819204849
171820212223
171821222324
171822232425
171823242526
171824252627
171825262728
171826272829
171827282930
171828293031
171829303132
171830313233
171831323334
171832333435
171833343536
171834353637
171835363738
171836373839
171837383940
171838394041
171839404142
171840414243
171841424344
171842434445
171843444546
171844454647
171845464748
171846474849
181920212324
181920212425
181920212526
181920212627
181920212728
181920212829
181920212930
181920213031
181920213132
181920213233
181920213334
181920213435
181920213536
181920213637
181920213738
181920213839
181920213940
181920214041
181920214142
181920214243
181920214344
181920214445
181920214546
181920214647
181920214748
181920214849
181921222324
181922232425
181923242526
181924252627
181925262728
181926272829
181927282930
181928293031
181929303132
181930313233
181931323334
181932333435
181933343536
181934353637
181935363738
181936373839
181937383940
181938394041
181939404142
181940414243
181941424344
181942434445
181943444546
181944454647
181945464748
181946474849
192021222425
192021222526
192021222627
192021222728
192021222829
192021222930
192021223031
192021223132
192021223233
192021223334
192021223435
192021223536
192021223637
192021223738
192021223839
192021223940
192021224041
192021224142
192021224243
192021224344
192021224445
192021224546
192021224647
192021224748
192021224849
192022232425
192023242526
192024252627
192025262728
192026272829
192027282930
192028293031
192029303132
192030313233
192031323334
192032333435
192033343536
192034353637
192035363738
192036373839
192037383940
192038394041
192039404142
192040414243
192041424344
192042434445
192043444546
192044454647
192045464748
192046474849
202122232526
202122232627
202122232728
202122232829
202122232930
202122233031
202122233132
202122233233
202122233334
202122233435
202122233536
202122233637
202122233738
202122233839
202122233940
202122234041
202122234142
202122234243
202122234344
202122234445
202122234546
202122234647
202122234748
202122234849
202123242526
202124252627
202125262728
202126272829
202127282930
202128293031
202129303132
202130313233
202131323334
202132333435
202133343536
202134353637
202135363738
202136373839
202137383940
202138394041
202139404142
202140414243
202141424344
202142434445
202143444546
202144454647
202145464748
202146474849
212223242627
212223242728
212223242829
212223242930
212223243031
212223243132
212223243233
212223243334
212223243435
212223243536
212223243637
212223243738
212223243839
212223243940
212223244041
212223244142
212223244243
212223244344
212223244445
212223244546
212223244647
212223244748
212223244849
212224252627
212225262728
212226272829
212227282930
212228293031
212229303132
212230313233
212231323334
212232333435
212233343536
212234353637
212235363738
212236373839
212237383940
212238394041
212239404142
212240414243
212241424344
212242434445
212243444546
212244454647
212245464748
212246474849
222324252728
222324252829
222324252930
222324253031
222324253132
222324253233
222324253334
222324253435
222324253536
222324253637
222324253738
222324253839
222324253940
222324254041
222324254142
222324254243
222324254344
222324254445
222324254546
222324254647
222324254748
222324254849
222325262728
222326272829
222327282930
222328293031
222329303132
222330313233
222331323334
222332333435
222333343536
222334353637
222335363738
222336373839
222337383940
222338394041
222339404142
222340414243
222341424344
222342434445
222343444546
222344454647
222345464748
222346474849
232425262829
232425262930
232425263031
232425263132
232425263233
232425263334
232425263435
232425263536
232425263637
232425263738
232425263839
232425263940
232425264041
232425264142
232425264243
232425264344
232425264445
232425264546
232425264647
232425264748
232425264849
232426272829
232427282930
232428293031
232429303132
232430313233
232431323334
232432333435
232433343536
232434353637
232435363738
232436373839
232437383940
232438394041
232439404142
232440414243
232441424344
232442434445
232443444546
232444454647
232445464748
232446474849
242526272930
242526273031
242526273132
242526273233
242526273334
242526273435
242526273536
242526273637
242526273738
242526273839
242526273940
242526274041
242526274142
242526274243
242526274344
242526274445
242526274546
242526274647
242526274748
242526274849
242527282930
242528293031
242529303132
242530313233
242531323334
242532333435
242533343536
242534353637
242535363738
242536373839
242537383940
242538394041
242539404142
242540414243
242541424344
242542434445
242543444546
242544454647
242545464748
242546474849
252627283031
252627283132
252627283233
252627283334
252627283435
252627283536
252627283637
252627283738
252627283839
252627283940
252627284041
252627284142
252627284243
252627284344
252627284445
252627284546
252627284647
252627284748
252627284849
252628293031
252629303132
252630313233
252631323334
252632333435
252633343536
252634353637
252635363738
252636373839
252637383940
252638394041
252639404142
252640414243
252641424344
252642434445
252643444546
252644454647
252645464748
252646474849
262728293132
262728293233
262728293334
262728293435
262728293536
262728293637
262728293738
262728293839
262728293940
262728294041
262728294142
262728294243
262728294344
262728294445
262728294546
262728294647
262728294748
262728294849
262729303132
262730313233
262731323334
262732333435
262733343536
262734353637
262735363738
262736373839
262737383940
262738394041
262739404142
262740414243
262741424344
262742434445
262743444546
262744454647
262745464748
262746474849
272829303233
272829303334
272829303435
272829303536
272829303637
272829303738
272829303839
272829303940
272829304041
272829304142
272829304243
272829304344
272829304445
272829304546
272829304647
272829304748
272829304849
272830313233
272831323334
272832333435
272833343536
272834353637
272835363738
272836373839
272837383940
272838394041
272839404142
272840414243
272841424344
272842434445
272843444546
272844454647
272845464748
272846474849
282930313334
282930313435
282930313536
282930313637
282930313738
282930313839
282930313940
282930314041
282930314142
282930314243
282930314344
282930314445
282930314546
282930314647
282930314748
282930314849
282931323334
282932333435
282933343536
282934353637
282935363738
282936373839
282937383940
282938394041
282939404142
282940414243
282941424344
282942434445
282943444546
282944454647
282945464748
282946474849
293031323435
293031323536
293031323637
293031323738
293031323839
293031323940
293031324041
293031324142
293031324243
293031324344
293031324445
293031324546
293031324647
293031324748
293031324849
293032333435
293033343536
293034353637
293035363738
293036373839
293037383940
293038394041
293039404142
293040414243
293041424344
293042434445
293043444546
293044454647
293045464748
293046474849
303132333536
303132333637
303132333738
303132333839
303132333940
303132334041
303132334142
303132334243
303132334344
303132334445
303132334546
303132334647
303132334748
303132334849
303133343536
303134353637
303135363738
303136373839
303137383940
303138394041
303139404142
303140414243
303141424344
303142434445
303143444546
303144454647
303145464748
303146474849
313233343637
313233343738
313233343839
313233343940
313233344041
313233344142
313233344243
313233344344
313233344445
313233344546
313233344647
313233344748
313233344849
313234353637
313235363738
313236373839
313237383940
313238394041
313239404142
313240414243
313241424344
313242434445
313243444546
313244454647
313245464748
313246474849
323334353738
323334353839
323334353940
323334354041
323334354142
323334354243
323334354344
323334354445
323334354546
323334354647
323334354748
323334354849
323335363738
323336373839
323337383940
323338394041
323339404142
323340414243
323341424344
323342434445
323343444546
323344454647
323345464748
323346474849
333435363839
333435363940
333435364041
333435364142
333435364243
333435364344
333435364445
333435364546
333435364647
333435364748
333435364849
333436373839
333437383940
333438394041
333439404142
333440414243
333441424344
333442434445
333443444546
333444454647
333445464748
333446474849
343536373940
343536374041
343536374142
343536374243
343536374344
343536374445
343536374546
343536374647
343536374748
343536374849
343537383940
343538394041
343539404142
343540414243
343541424344
343542434445
343543444546
343544454647
343545464748
343546474849
353637384041
353637384142
353637384243
353637384344
353637384445
353637384546
353637384647
353637384748
353637384849
353638394041
353639404142
353640414243
353641424344
353642434445
353643444546
353644454647
353645464748
353646474849
363738394142
363738394243
363738394344
363738394445
363738394546
363738394647
363738394748
363738394849
363739404142
363740414243
363741424344
363742434445
363743444546
363744454647
363745464748
363746474849
373839404243
373839404344
373839404445
373839404546
373839404647
373839404748
373839404849
373840414243
373841424344
373842434445
373843444546
373844454647
373845464748
373846474849
383940414344
383940414445
383940414546
383940414647
383940414748
383940414849
383941424344
383942434445
383943444546
383944454647
383945464748
383946474849
394041424445
394041424546
394041424647
394041424748
394041424849
394042434445
394043444546
394044454647
394045464748
394046474849
404142434546
404142434647
404142434748
404142434849
404143444546
404144454647
404145464748
404146474849
414243444647
414243444748
414243444849
414244454647
414245464748
414246474849
424344454748
424344454849
424345464748
424346474849
434445464849
434446474849
