010310263244



010817324446
010820324649
011418394246
011820364247
012024353846
020617384449
020824404749
021017262845
021024283341
021417263843
021520263437
021524284049
021825344346
022023263944
022024283341
030518303442
030621384044
030811263240
030819264044
031420324146
040608273542
040608353942
040621304245
040823263942
041015273842
041518323639
041820313336
050817263034
051120283642
060815273032
060825273234
061520283944
062022283739
062224404347
081015263441
081021323437
081022263337
081123324446
081520263449
081520263944
081522303944
082022394346
082224273039
111425303846
142025283742
151820263439
172024313846
182124374246
182225363944
