01 02 03 04 05 07
01 02 03 04 05 08
01 02 03 04 05 09
01 02 03 04 05 10
01 02 03 04 05 11
01 02 03 04 05 12
01 02 03 04 05 13
01 02 03 04 05 14
01 02 03 04 05 15
01 02 03 04 05 16
01 02 03 04 05 17
01 02 03 04 05 18
01 02 03 04 05 19
01 02 03 04 05 20
01 02 03 04 05 21
01 02 03 04 05 22
01 02 03 04 05 23
01 02 03 04 05 24
01 02 03 04 05 25
01 02 03 04 05 26
01 02 03 04 05 27
01 02 03 04 05 28
01 02 03 04 05 29
01 02 03 04 05 30
01 02 03 04 05 31
01 02 03 04 05 32
01 02 03 04 05 33
01 02 03 04 05 34
01 02 03 04 05 35
01 02 03 04 05 36
01 02 03 04 05 37
01 02 03 04 05 38
01 02 03 04 05 39
01 02 03 04 05 40
01 02 03 04 05 41
01 02 03 04 05 42
01 02 03 04 05 43
01 02 03 04 05 44
01 02 03 04 05 45
01 02 03 04 05 46
01 02 03 04 05 47
01 02 03 04 05 48
01 02 03 04 05 49
01 03 04 05 06 07
01 04 05 06 07 08
01 05 06 07 08 09
01 06 07 08 09 10
01 07 08 09 10 11
01 08 09 10 11 12
01 09 10 11 12 13
01 10 11 12 13 14
01 11 12 13 14 15
01 12 13 14 15 16
01 13 14 15 16 17
01 14 15 16 17 18
01 15 16 17 18 19
01 16 17 18 19 20
01 17 18 19 20 21
01 18 19 20 21 22
01 19 20 21 22 23
01 20 21 22 23 24
01 21 22 23 24 25
01 22 23 24 25 26
01 23 24 25 26 27
01 24 25 26 27 28
01 25 26 27 28 29
01 26 27 28 29 30
01 27 28 29 30 31
01 28 29 30 31 32
01 29 30 31 32 33
01 30 31 32 33 34
01 31 32 33 34 35
01 32 33 34 35 36
01 33 34 35 36 37
01 34 35 36 37 38
01 35 36 37 38 39
01 36 37 38 39 40
01 37 38 39 40 41
01 38 39 40 41 42
01 39 40 41 42 43
01 40 41 42 43 44
01 41 42 43 44 45
01 42 43 44 45 46
01 43 44 45 46 47
01 44 45 46 47 48
01 45 46 47 48 49
02 03 04 05 06 08
02 03 04 05 06 09
02 03 04 05 06 10
02 03 04 05 06 11
02 03 04 05 06 12
02 03 04 05 06 13
02 03 04 05 06 14
02 03 04 05 06 15
02 03 04 05 06 16
02 03 04 05 06 17
02 03 04 05 06 18
02 03 04 05 06 19
02 03 04 05 06 20
02 03 04 05 06 21
02 03 04 05 06 22
02 03 04 05 06 23
02 03 04 05 06 24
02 03 04 05 06 25
02 03 04 05 06 26
02 03 04 05 06 27
02 03 04 05 06 28
02 03 04 05 06 29
02 03 04 05 06 30
02 03 04 05 06 31
02 03 04 05 06 32
02 03 04 05 06 33
02 03 04 05 06 34
02 03 04 05 06 35
02 03 04 05 06 36
02 03 04 05 06 37
02 03 04 05 06 38
02 03 04 05 06 39
02 03 04 05 06 40
02 03 04 05 06 41
02 03 04 05 06 42
02 03 04 05 06 43
02 03 04 05 06 44
02 03 04 05 06 45
02 03 04 05 06 46
02 03 04 05 06 47
02 03 04 05 06 48
02 03 04 05 06 49
02 04 05 06 07 08
02 05 06 07 08 09
02 06 07 08 09 10
02 07 08 09 10 11
02 08 09 10 11 12
02 09 10 11 12 13
02 10 11 12 13 14
02 11 12 13 14 15
02 12 13 14 15 16
02 13 14 15 16 17
02 14 15 16 17 18
02 15 16 17 18 19
02 16 17 18 19 20
02 17 18 19 20 21
02 18 19 20 21 22
02 19 20 21 22 23
02 20 21 22 23 24
02 21 22 23 24 25
02 22 23 24 25 26
02 23 24 25 26 27
02 24 25 26 27 28
02 25 26 27 28 29
02 26 27 28 29 30
02 27 28 29 30 31
02 28 29 30 31 32
02 29 30 31 32 33
02 30 31 32 33 34
02 31 32 33 34 35
02 32 33 34 35 36
02 33 34 35 36 37
02 34 35 36 37 38
02 35 36 37 38 39
02 36 37 38 39 40
02 37 38 39 40 41
02 38 39 40 41 42
02 39 40 41 42 43
02 40 41 42 43 44
02 41 42 43 44 45
02 42 43 44 45 46
02 43 44 45 46 47
02 44 45 46 47 48
02 45 46 47 48 49
03 04 05 06 07 09
03 04 05 06 07 10
03 04 05 06 07 11
03 04 05 06 07 12
03 04 05 06 07 13
03 04 05 06 07 14
03 04 05 06 07 15
03 04 05 06 07 16
03 04 05 06 07 17
03 04 05 06 07 18
03 04 05 06 07 19
03 04 05 06 07 20
03 04 05 06 07 21
03 04 05 06 07 22
03 04 05 06 07 23
03 04 05 06 07 24
03 04 05 06 07 25
03 04 05 06 07 26
03 04 05 06 07 27
03 04 05 06 07 28
03 04 05 06 07 29
03 04 05 06 07 30
03 04 05 06 07 31
03 04 05 06 07 32
03 04 05 06 07 33
03 04 05 06 07 34
03 04 05 06 07 35
03 04 05 06 07 36
03 04 05 06 07 37
03 04 05 06 07 38
03 04 05 06 07 39
03 04 05 06 07 40
03 04 05 06 07 41
03 04 05 06 07 42
03 04 05 06 07 43
03 04 05 06 07 44
03 04 05 06 07 45
03 04 05 06 07 46
03 04 05 06 07 47
03 04 05 06 07 48
03 04 05 06 07 49
03 05 06 07 08 09
03 06 07 08 09 10
03 07 08 09 10 11
03 08 09 10 11 12
03 09 10 11 12 13
03 10 11 12 13 14
03 11 12 13 14 15
03 12 13 14 15 16
03 13 14 15 16 17
03 14 15 16 17 18
03 15 16 17 18 19
03 16 17 18 19 20
03 17 18 19 20 21
03 18 19 20 21 22
03 19 20 21 22 23
03 20 21 22 23 24
03 21 22 23 24 25
03 22 23 24 25 26
03 23 24 25 26 27
03 24 25 26 27 28
03 25 26 27 28 29
03 26 27 28 29 30
03 27 28 29 30 31
03 28 29 30 31 32
03 29 30 31 32 33
03 30 31 32 33 34
03 31 32 33 34 35
03 32 33 34 35 36
03 33 34 35 36 37
03 34 35 36 37 38
03 35 36 37 38 39
03 36 37 38 39 40
03 37 38 39 40 41
03 38 39 40 41 42
03 39 40 41 42 43
03 40 41 42 43 44
03 41 42 43 44 45
03 42 43 44 45 46
03 43 44 45 46 47
03 44 45 46 47 48
03 45 46 47 48 49
04 05 06 07 08 10
04 05 06 07 08 11
04 05 06 07 08 12
04 05 06 07 08 13
04 05 06 07 08 14
04 05 06 07 08 15
04 05 06 07 08 16
04 05 06 07 08 17
04 05 06 07 08 18
04 05 06 07 08 19
04 05 06 07 08 20
04 05 06 07 08 21
04 05 06 07 08 22
04 05 06 07 08 23
04 05 06 07 08 24
04 05 06 07 08 25
04 05 06 07 08 26
04 05 06 07 08 27
04 05 06 07 08 28
04 05 06 07 08 29
04 05 06 07 08 30
04 05 06 07 08 31
04 05 06 07 08 32
04 05 06 07 08 33
04 05 06 07 08 34
04 05 06 07 08 35
04 05 06 07 08 36
04 05 06 07 08 37
04 05 06 07 08 38
04 05 06 07 08 39
04 05 06 07 08 40
04 05 06 07 08 41
04 05 06 07 08 42
04 05 06 07 08 43
04 05 06 07 08 44
04 05 06 07 08 45
04 05 06 07 08 46
04 05 06 07 08 47
04 05 06 07 08 48
04 05 06 07 08 49
04 06 07 08 09 10
04 07 08 09 10 11
04 08 09 10 11 12
04 09 10 11 12 13
04 10 11 12 13 14
04 11 12 13 14 15
04 12 13 14 15 16
04 13 14 15 16 17
04 14 15 16 17 18
04 15 16 17 18 19
04 16 17 18 19 20
04 17 18 19 20 21
04 18 19 20 21 22
04 19 20 21 22 23
04 20 21 22 23 24
04 21 22 23 24 25
04 22 23 24 25 26
04 23 24 25 26 27
04 24 25 26 27 28
04 25 26 27 28 29
04 26 27 28 29 30
04 27 28 29 30 31
04 28 29 30 31 32
04 29 30 31 32 33
04 30 31 32 33 34
04 31 32 33 34 35
04 32 33 34 35 36
04 33 34 35 36 37
04 34 35 36 37 38
04 35 36 37 38 39
04 36 37 38 39 40
04 37 38 39 40 41
04 38 39 40 41 42
04 39 40 41 42 43
04 40 41 42 43 44
04 41 42 43 44 45
04 42 43 44 45 46
04 43 44 45 46 47
04 44 45 46 47 48
04 45 46 47 48 49
05 06 07 08 09 11
05 06 07 08 09 12
05 06 07 08 09 13
05 06 07 08 09 14
05 06 07 08 09 15
05 06 07 08 09 16
05 06 07 08 09 17
05 06 07 08 09 18
05 06 07 08 09 19
05 06 07 08 09 20
05 06 07 08 09 21
05 06 07 08 09 22
05 06 07 08 09 23
05 06 07 08 09 24
05 06 07 08 09 25
05 06 07 08 09 26
05 06 07 08 09 27
05 06 07 08 09 28
05 06 07 08 09 29
05 06 07 08 09 30
05 06 07 08 09 31
05 06 07 08 09 32
05 06 07 08 09 33
05 06 07 08 09 34
05 06 07 08 09 35
05 06 07 08 09 36
05 06 07 08 09 37
05 06 07 08 09 38
05 06 07 08 09 39
05 06 07 08 09 40
05 06 07 08 09 41
05 06 07 08 09 42
05 06 07 08 09 43
05 06 07 08 09 44
05 06 07 08 09 45
05 06 07 08 09 46
05 06 07 08 09 47
05 06 07 08 09 48
05 06 07 08 09 49
05 07 08 09 10 11
05 08 09 10 11 12
05 09 10 11 12 13
05 10 11 12 13 14
05 11 12 13 14 15
05 12 13 14 15 16
05 13 14 15 16 17
05 14 15 16 17 18
05 15 16 17 18 19
05 16 17 18 19 20
05 17 18 19 20 21
05 18 19 20 21 22
05 19 20 21 22 23
05 20 21 22 23 24
05 21 22 23 24 25
05 22 23 24 25 26
05 23 24 25 26 27
05 24 25 26 27 28
05 25 26 27 28 29
05 26 27 28 29 30
05 27 28 29 30 31
05 28 29 30 31 32
05 29 30 31 32 33
05 30 31 32 33 34
05 31 32 33 34 35
05 32 33 34 35 36
05 33 34 35 36 37
05 34 35 36 37 38
05 35 36 37 38 39
05 36 37 38 39 40
05 37 38 39 40 41
05 38 39 40 41 42
05 39 40 41 42 43
05 40 41 42 43 44
05 41 42 43 44 45
05 42 43 44 45 46
05 43 44 45 46 47
05 44 45 46 47 48
05 45 46 47 48 49
06 07 08 09 10 12
06 07 08 09 10 13
06 07 08 09 10 14
06 07 08 09 10 15
06 07 08 09 10 16
06 07 08 09 10 17
06 07 08 09 10 18
06 07 08 09 10 19
06 07 08 09 10 20
06 07 08 09 10 21
06 07 08 09 10 22
06 07 08 09 10 23
06 07 08 09 10 24
06 07 08 09 10 25
06 07 08 09 10 26
06 07 08 09 10 27
06 07 08 09 10 28
06 07 08 09 10 29
06 07 08 09 10 30
06 07 08 09 10 31
06 07 08 09 10 32
06 07 08 09 10 33
06 07 08 09 10 34
06 07 08 09 10 35
06 07 08 09 10 36
06 07 08 09 10 37
06 07 08 09 10 38
06 07 08 09 10 39
06 07 08 09 10 40
06 07 08 09 10 41
06 07 08 09 10 42
06 07 08 09 10 43
06 07 08 09 10 44
06 07 08 09 10 45
06 07 08 09 10 46
06 07 08 09 10 47
06 07 08 09 10 48
06 07 08 09 10 49
06 08 09 10 11 12
06 09 10 11 12 13
06 10 11 12 13 14
06 11 12 13 14 15
06 12 13 14 15 16
06 13 14 15 16 17
06 14 15 16 17 18
06 15 16 17 18 19
06 16 17 18 19 20
06 17 18 19 20 21
06 18 19 20 21 22
06 19 20 21 22 23
06 20 21 22 23 24
06 21 22 23 24 25
06 22 23 24 25 26
06 23 24 25 26 27
06 24 25 26 27 28
06 25 26 27 28 29
06 26 27 28 29 30
06 27 28 29 30 31
06 28 29 30 31 32
06 29 30 31 32 33
06 30 31 32 33 34
06 31 32 33 34 35
06 32 33 34 35 36
06 33 34 35 36 37
06 34 35 36 37 38
06 35 36 37 38 39
06 36 37 38 39 40
06 37 38 39 40 41
06 38 39 40 41 42
06 39 40 41 42 43
06 40 41 42 43 44
06 41 42 43 44 45
06 42 43 44 45 46
06 43 44 45 46 47
06 44 45 46 47 48
06 45 46 47 48 49
07 08 09 10 11 13
07 08 09 10 11 14
07 08 09 10 11 15
07 08 09 10 11 16
07 08 09 10 11 17
07 08 09 10 11 18
07 08 09 10 11 19
07 08 09 10 11 20
07 08 09 10 11 21
07 08 09 10 11 22
07 08 09 10 11 23
07 08 09 10 11 24
07 08 09 10 11 25
07 08 09 10 11 26
07 08 09 10 11 27
07 08 09 10 11 28
07 08 09 10 11 29
07 08 09 10 11 30
07 08 09 10 11 31
07 08 09 10 11 32
07 08 09 10 11 33
07 08 09 10 11 34
07 08 09 10 11 35
07 08 09 10 11 36
07 08 09 10 11 37
07 08 09 10 11 38
07 08 09 10 11 39
07 08 09 10 11 40
07 08 09 10 11 41
07 08 09 10 11 42
07 08 09 10 11 43
07 08 09 10 11 44
07 08 09 10 11 45
07 08 09 10 11 46
07 08 09 10 11 47
07 08 09 10 11 48
07 08 09 10 11 49
07 09 10 11 12 13
07 10 11 12 13 14
07 11 12 13 14 15
07 12 13 14 15 16
07 13 14 15 16 17
07 14 15 16 17 18
07 15 16 17 18 19
07 16 17 18 19 20
07 17 18 19 20 21
07 18 19 20 21 22
07 19 20 21 22 23
07 20 21 22 23 24
07 21 22 23 24 25
07 22 23 24 25 26
07 23 24 25 26 27
07 24 25 26 27 28
07 25 26 27 28 29
07 26 27 28 29 30
07 27 28 29 30 31
07 28 29 30 31 32
07 29 30 31 32 33
07 30 31 32 33 34
07 31 32 33 34 35
07 32 33 34 35 36
07 33 34 35 36 37
07 34 35 36 37 38
07 35 36 37 38 39
07 36 37 38 39 40
07 37 38 39 40 41
07 38 39 40 41 42
07 39 40 41 42 43
07 40 41 42 43 44
07 41 42 43 44 45
07 42 43 44 45 46
07 43 44 45 46 47
07 44 45 46 47 48
07 45 46 47 48 49
08 09 10 11 12 14
08 09 10 11 12 15
08 09 10 11 12 16
08 09 10 11 12 17
08 09 10 11 12 18
08 09 10 11 12 19
08 09 10 11 12 20
08 09 10 11 12 21
08 09 10 11 12 22
08 09 10 11 12 23
08 09 10 11 12 24
08 09 10 11 12 25
08 09 10 11 12 26
08 09 10 11 12 27
08 09 10 11 12 28
08 09 10 11 12 29
08 09 10 11 12 30
08 09 10 11 12 31
08 09 10 11 12 32
08 09 10 11 12 33
08 09 10 11 12 34
08 09 10 11 12 35
08 09 10 11 12 36
08 09 10 11 12 37
08 09 10 11 12 38
08 09 10 11 12 39
08 09 10 11 12 40
08 09 10 11 12 41
08 09 10 11 12 42
08 09 10 11 12 43
08 09 10 11 12 44
08 09 10 11 12 45
08 09 10 11 12 46
08 09 10 11 12 47
08 09 10 11 12 48
08 09 10 11 12 49
08 10 11 12 13 14
08 11 12 13 14 15
08 12 13 14 15 16
08 13 14 15 16 17
08 14 15 16 17 18
08 15 16 17 18 19
08 16 17 18 19 20
08 17 18 19 20 21
08 18 19 20 21 22
08 19 20 21 22 23
08 20 21 22 23 24
08 21 22 23 24 25
08 22 23 24 25 26
08 23 24 25 26 27
08 24 25 26 27 28
08 25 26 27 28 29
08 26 27 28 29 30
08 27 28 29 30 31
08 28 29 30 31 32
08 29 30 31 32 33
08 30 31 32 33 34
08 31 32 33 34 35
08 32 33 34 35 36
08 33 34 35 36 37
08 34 35 36 37 38
08 35 36 37 38 39
08 36 37 38 39 40
08 37 38 39 40 41
08 38 39 40 41 42
08 39 40 41 42 43
08 40 41 42 43 44
08 41 42 43 44 45
08 42 43 44 45 46
08 43 44 45 46 47
08 44 45 46 47 48
08 45 46 47 48 49
09 10 11 12 13 15
09 10 11 12 13 16
09 10 11 12 13 17
09 10 11 12 13 18
09 10 11 12 13 19
09 10 11 12 13 20
09 10 11 12 13 21
09 10 11 12 13 22
09 10 11 12 13 23
09 10 11 12 13 24
09 10 11 12 13 25
09 10 11 12 13 26
09 10 11 12 13 27
09 10 11 12 13 28
09 10 11 12 13 29
09 10 11 12 13 30
09 10 11 12 13 31
09 10 11 12 13 32
09 10 11 12 13 33
09 10 11 12 13 34
09 10 11 12 13 35
09 10 11 12 13 36
09 10 11 12 13 37
09 10 11 12 13 38
09 10 11 12 13 39
09 10 11 12 13 40
09 10 11 12 13 41
09 10 11 12 13 42
09 10 11 12 13 43
09 10 11 12 13 44
09 10 11 12 13 45
09 10 11 12 13 46
09 10 11 12 13 47
09 10 11 12 13 48
09 10 11 12 13 49
09 11 12 13 14 15
09 12 13 14 15 16
09 13 14 15 16 17
09 14 15 16 17 18
09 15 16 17 18 19
09 16 17 18 19 20
09 17 18 19 20 21
09 18 19 20 21 22
09 19 20 21 22 23
09 20 21 22 23 24
09 21 22 23 24 25
09 22 23 24 25 26
09 23 24 25 26 27
09 24 25 26 27 28
09 25 26 27 28 29
09 26 27 28 29 30
09 27 28 29 30 31
09 28 29 30 31 32
09 29 30 31 32 33
09 30 31 32 33 34
09 31 32 33 34 35
09 32 33 34 35 36
09 33 34 35 36 37
09 34 35 36 37 38
09 35 36 37 38 39
09 36 37 38 39 40
09 37 38 39 40 41
09 38 39 40 41 42
09 39 40 41 42 43
09 40 41 42 43 44
09 41 42 43 44 45
09 42 43 44 45 46
09 43 44 45 46 47
09 44 45 46 47 48
09 45 46 47 48 49
10 11 12 13 14 16
10 11 12 13 14 17
10 11 12 13 14 18
10 11 12 13 14 19
10 11 12 13 14 20
10 11 12 13 14 21
10 11 12 13 14 22
10 11 12 13 14 23
10 11 12 13 14 24
10 11 12 13 14 25
10 11 12 13 14 26
10 11 12 13 14 27
10 11 12 13 14 28
10 11 12 13 14 29
10 11 12 13 14 30
10 11 12 13 14 31
10 11 12 13 14 32
10 11 12 13 14 33
10 11 12 13 14 34
10 11 12 13 14 35
10 11 12 13 14 36
10 11 12 13 14 37
10 11 12 13 14 38
10 11 12 13 14 39
10 11 12 13 14 40
10 11 12 13 14 41
10 11 12 13 14 42
10 11 12 13 14 43
10 11 12 13 14 44
10 11 12 13 14 45
10 11 12 13 14 46
10 11 12 13 14 47
10 11 12 13 14 48
10 11 12 13 14 49
10 12 13 14 15 16
10 13 14 15 16 17
10 14 15 16 17 18
10 15 16 17 18 19
10 16 17 18 19 20
10 17 18 19 20 21
10 18 19 20 21 22
10 19 20 21 22 23
10 20 21 22 23 24
10 21 22 23 24 25
10 22 23 24 25 26
10 23 24 25 26 27
10 24 25 26 27 28
10 25 26 27 28 29
10 26 27 28 29 30
10 27 28 29 30 31
10 28 29 30 31 32
10 29 30 31 32 33
10 30 31 32 33 34
10 31 32 33 34 35
10 32 33 34 35 36
10 33 34 35 36 37
10 34 35 36 37 38
10 35 36 37 38 39
10 36 37 38 39 40
10 37 38 39 40 41
10 38 39 40 41 42
10 39 40 41 42 43
10 40 41 42 43 44
10 41 42 43 44 45
10 42 43 44 45 46
10 43 44 45 46 47 
10 44 45 46 47 48
10 45 46 47 48 49
11 12 13 14 15 17
11 12 13 14 15 18
11 12 13 14 15 19
11 12 13 14 15 20
11 12 13 14 15 21
11 12 13 14 15 22
11 12 13 14 15 23
11 12 13 14 15 24
11 12 13 14 15 25
11 12 13 14 15 26
11 12 13 14 15 27
11 12 13 14 15 28
11 12 13 14 15 29
11 12 13 14 15 30
11 12 13 14 15 31
11 12 13 14 15 32
11 12 13 14 15 33
11 12 13 14 15 34
11 12 13 14 15 35
11 12 13 14 15 36
11 12 13 14 15 37
11 12 13 14 15 38
11 12 13 14 15 39
11 12 13 14 15 40
11 12 13 14 15 41
11 12 13 14 15 42
11 12 13 14 15 43
11 12 13 14 15 44
11 12 13 14 15 45
11 12 13 14 15 46
11 12 13 14 15 47
11 12 13 14 15 48
11 12 13 14 15 49
11 13 14 15 16 17
11 14 15 16 17 18
11 15 16 17 18 19
11 16 17 18 19 20
11 17 18 19 20 21
11 18 19 20 21 22
11 19 20 21 22 23
11 20 21 22 23 24
11 21 22 23 24 25
11 22 23 24 25 26
11 23 24 25 26 27
11 24 25 26 27 28
11 25 26 27 28 29
11 26 27 28 29 30
11 27 28 29 30 31
11 28 29 30 31 32
11 29 30 31 32 33
11 30 31 32 33 34
11 31 32 33 34 35
11 32 33 34 35 36
11 33 34 35 36 37
11 34 35 36 37 38
11 35 36 37 38 39
11 36 37 38 39 40
11 37 38 39 40 41
11 38 39 40 41 42
11 39 40 41 42 43
11 40 41 42 43 44
11 41 42 43 44 45
11 42 43 44 45 46
11 43 44 45 46 47
11 44 45 46 47 48
11 45 46 47 48 49
12 13 14 15 16 18
12 13 14 15 16 19
12 13 14 15 16 20
12 13 14 15 16 21
12 13 14 15 16 22
12 13 14 15 16 23
12 13 14 15 16 24
12 13 14 15 16 25
12 13 14 15 16 26
12 13 14 15 16 27
12 13 14 15 16 28
12 13 14 15 16 29
12 13 14 15 16 30
12 13 14 15 16 31
12 13 14 15 16 32
12 13 14 15 16 33
12 13 14 15 16 34
12 13 14 15 16 35
12 13 14 15 16 36
12 13 14 15 16 37
12 13 14 15 16 38
12 13 14 15 16 39
12 13 14 15 16 40
12 13 14 15 16 41
12 13 14 15 16 42
12 13 14 15 16 43
12 13 14 15 16 44
12 13 14 15 16 45
12 13 14 15 16 46
12 13 14 15 16 47
12 13 14 15 16 48
12 13 14 15 16 49
12 14 15 16 17 18
12 15 16 17 18 19
12 16 17 18 19 20
12 17 18 19 20 21
12 18 19 20 21 22
12 19 20 21 22 23
12 20 21 22 23 24
12 21 22 23 24 25
12 22 23 24 25 26
12 23 24 25 26 27
12 24 25 26 27 28
12 25 26 27 28 29
12 26 27 28 29 30
12 27 28 29 30 31
12 28 29 30 31 32
12 29 30 31 32 33
12 30 31 32 33 34
12 31 32 33 34 35
12 32 33 34 35 36
12 33 34 35 36 37
12 34 35 36 37 38
12 35 36 37 38 39
12 36 37 38 39 40
12 37 38 39 40 41
12 38 39 40 41 42
12 39 40 41 42 43
12 40 41 42 43 44
12 41 42 43 44 45
12 42 43 44 45 46
12 43 44 45 46 47
12 44 45 46 47 48
12 45 46 47 48 49
13 14 15 16 17 19
13 14 15 16 17 20
13 14 15 16 17 21
13 14 15 16 17 22
13 14 15 16 17 23
13 14 15 16 17 24
13 14 15 16 17 25
13 14 15 16 17 26
13 14 15 16 17 27
13 14 15 16 17 28
13 14 15 16 17 29
13 14 15 16 17 30
13 14 15 16 17 31
13 14 15 16 17 32
13 14 15 16 17 33
13 14 15 16 17 34
13 14 15 16 17 35
13 14 15 16 17 36
13 14 15 16 17 37
13 14 15 16 17 38
13 14 15 16 17 39
13 14 15 16 17 40
13 14 15 16 17 41
13 14 15 16 17 42
13 14 15 16 17 43
13 14 15 16 17 44
13 14 15 16 17 45
13 14 15 16 17 46
13 14 15 16 17 47
13 14 15 16 17 48
13 14 15 16 17 49
13 15 16 17 18 19
13 16 17 18 19 20
13 17 18 19 20 21
13 18 19 20 21 22
13 19 20 21 22 23
13 20 21 22 23 24
13 21 22 23 24 25
13 22 23 24 25 26
13 23 24 25 26 27
13 24 25 26 27 28
13 25 26 27 28 29
13 26 27 28 29 30
13 27 28 29 30 31
13 28 29 30 31 32
13 29 30 31 32 33
13 30 31 32 33 34
13 31 32 33 34 35
13 32 33 34 35 36
13 33 34 35 36 37
13 34 35 36 37 38
13 35 36 37 38 39
13 36 37 38 39 40
13 37 38 39 40 41
13 38 39 40 41 42
13 39 40 41 42 43
13 40 41 42 43 44
13 41 42 43 44 45
13 42 43 44 45 46
13 43 44 45 46 47
13 44 45 46 47 48
13 45 46 47 48 49
14 15 16 17 18 20
14 15 16 17 18 21
14 15 16 17 18 22
14 15 16 17 18 23
14 15 16 17 18 24
14 15 16 17 18 25
14 15 16 17 18 26
14 15 16 17 18 27
14 15 16 17 18 28
14 15 16 17 18 29
14 15 16 17 18 30
14 15 16 17 18 31
14 15 16 17 18 32
14 15 16 17 18 33
14 15 16 17 18 34
14 15 16 17 18 35
14 15 16 17 18 36
14 15 16 17 18 37
14 15 16 17 18 38
14 15 16 17 18 39
14 15 16 17 18 40
14 15 16 17 18 41
14 15 16 17 18 42
14 15 16 17 18 43
14 15 16 17 18 44
14 15 16 17 18 45
14 15 16 17 18 46
14 15 16 17 18 47
14 15 16 17 18 48
14 15 16 17 18 49
14 16 17 18 19 20
14 17 18 19 20 21
14 18 19 20 21 22
14 19 20 21 22 23
14 20 21 22 23 24
14 21 22 23 24 25
14 22 23 24 25 26
14 23 24 25 26 27
14 24 25 26 27 28
14 25 26 27 28 29
14 26 27 28 29 30
14 27 28 29 30 31
14 28 29 30 31 32
14 29 30 31 32 33
14 30 31 32 33 34
14 31 32 33 34 35
14 32 33 34 35 36
14 33 34 35 36 37
14 34 35 36 37 38
14 35 36 37 38 39
14 36 37 38 39 40
14 37 38 39 40 41
14 38 39 40 41 42
14 39 40 41 42 43
14 40 41 42 43 44
14 41 42 43 44 45
14 42 43 44 45 46
14 43 44 45 46 47
14 44 45 46 47 48
14 45 46 47 48 49
15 16 17 18 19 21
15 16 17 18 19 22
15 16 17 18 19 23
15 16 17 18 19 24
15 16 17 18 19 25
15 16 17 18 19 26
15 16 17 18 19 27
15 16 17 18 19 28
15 16 17 18 19 29
15 16 17 18 19 30
15 16 17 18 19 31
15 16 17 18 19 32
15 16 17 18 19 33
15 16 17 18 19 34
15 16 17 18 19 35
15 16 17 18 19 36
15 16 17 18 19 37
15 16 17 18 19 38
15 16 17 18 19 39
15 16 17 18 19 40
15 16 17 18 19 41
15 16 17 18 19 42
15 16 17 18 19 43
15 16 17 18 19 44
15 16 17 18 19 45
15 16 17 18 19 46
15 16 17 18 19 47
15 16 17 18 19 48
15 16 17 18 19 49
15 17 18 19 20 21
15 18 19 20 21 22
15 19 20 21 22 23
15 20 21 22 23 24
15 21 22 23 24 25
15 22 23 24 25 26
15 23 24 25 26 27
15 24 25 26 27 28
15 25 26 27 28 29
15 26 27 28 29 30
15 27 28 29 30 31
15 28 29 30 31 32
15 29 30 31 32 33
15 30 31 32 33 34
15 31 32 33 34 35
15 32 33 34 35 36
15 33 34 35 36 37
15 34 35 36 37 38
15 35 36 37 38 39
15 36 37 38 39 40
15 37 38 39 40 41
15 38 39 40 41 42
15 39 40 41 42 43
15 40 41 42 43 44
15 41 42 43 44 45
15 42 43 44 45 46
15 43 44 45 46 47
15 44 45 46 47 48
15 45 46 47 48 49
16 17 18 19 20 22
16 17 18 19 20 23
16 17 18 19 20 24
16 17 18 19 20 25
16 17 18 19 20 26
16 17 18 19 20 27
16 17 18 19 20 28
16 17 18 19 20 29
16 17 18 19 20 30
16 17 18 19 20 31
16 17 18 19 20 32
16 17 18 19 20 33
16 17 18 19 20 34
16 17 18 19 20 35
16 17 18 19 20 36
16 17 18 19 20 37
16 17 18 19 20 38
16 17 18 19 20 39
16 17 18 19 20 40
16 17 18 19 20 41
16 17 18 19 20 42
16 17 18 19 20 43
16 17 18 19 20 44
16 17 18 19 20 45
16 17 18 19 20 46
16 17 18 19 20 47
16 17 18 19 20 48
16 17 18 19 20 49
16 18 19 20 21 22
16 19 20 21 22 23
16 20 21 22 23 24
16 21 22 23 24 25
16 22 23 24 25 26
16 23 24 25 26 27
16 24 25 26 27 28
16 25 26 27 28 29
16 26 27 28 29 30
16 27 28 29 30 31
16 28 29 30 31 32
16 29 30 31 32 33
16 30 31 32 33 34
16 31 32 33 34 35
16 32 33 34 35 36
16 33 34 35 36 37
16 34 35 36 37 38
16 35 36 37 38 39
16 36 37 38 39 40
16 37 38 39 40 41
16 38 39 40 41 42
16 39 40 41 42 43
16 40 41 42 43 44
16 41 42 43 44 45
16 42 43 44 45 46
16 43 44 45 46 47
16 44 45 46 47 48
16 45 46 47 48 49
17 18 19 20 21 23
17 18 19 20 21 24
17 18 19 20 21 25
17 18 19 20 21 26
17 18 19 20 21 27
17 18 19 20 21 28
17 18 19 20 21 29
17 18 19 20 21 30
17 18 19 20 21 31
17 18 19 20 21 32
17 18 19 20 21 33
17 18 19 20 21 34
17 18 19 20 21 35
17 18 19 20 21 36
17 18 19 20 21 37
17 18 19 20 21 38
17 18 19 20 21 39
17 18 19 20 21 40
17 18 19 20 21 41
17 18 19 20 21 42
17 18 19 20 21 43
17 18 19 20 21 44
17 18 19 20 21 45
17 18 19 20 21 46
17 18 19 20 21 47
17 18 19 20 21 48
17 18 19 20 21 49
17 19 20 21 22 23
17 20 21 22 23 24
17 21 22 23 24 25
17 22 23 24 25 26
17 23 24 25 26 27
17 24 25 26 27 28
17 25 26 27 28 29
17 26 27 28 29 30
17 27 28 29 30 31
17 28 29 30 31 32
17 29 30 31 32 33
17 30 31 32 33 34
17 31 32 33 34 35
17 32 33 34 35 36
17 33 34 35 36 37
17 34 35 36 37 38
17 35 36 37 38 39
17 36 37 38 39 40
17 37 38 39 40 41
17 38 39 40 41 42
17 39 40 41 42 43
17 40 41 42 43 44
17 41 42 43 44 45
17 42 43 44 45 46
17 43 44 45 46 47
17 44 45 46 47 48
17 45 46 47 48 49
18 19 20 21 22 24
18 19 20 21 22 25
18 19 20 21 22 26
18 19 20 21 22 27
18 19 20 21 22 28
18 19 20 21 22 29
18 19 20 21 22 30
18 19 20 21 22 31
18 19 20 21 22 32
18 19 20 21 22 33
18 19 20 21 22 34
18 19 20 21 22 35
18 19 20 21 22 36
18 19 20 21 22 37
18 19 20 21 22 38
18 19 20 21 22 39
18 19 20 21 22 40
18 19 20 21 22 41
18 19 20 21 22 42
18 19 20 21 22 43
18 19 20 21 22 44
18 19 20 21 22 45
18 19 20 21 22 46
18 19 20 21 22 47
18 19 20 21 22 48
18 19 20 21 22 49
18 20 21 22 23 24
18 21 22 23 24 25
18 22 23 24 25 26
18 23 24 25 26 27
18 24 25 26 27 28
18 25 26 27 28 29
18 26 27 28 29 30
18 27 28 29 30 31
18 28 29 30 31 32
18 29 30 31 32 33
18 30 31 32 33 34
18 31 32 33 34 35
18 32 33 34 35 36
18 33 34 35 36 37
18 34 35 36 37 38
18 35 36 37 38 39
18 36 37 38 39 40
18 37 38 39 40 41
18 38 39 40 41 42
18 39 40 41 42 43
18 40 41 42 43 44
18 41 42 43 44 45
18 42 43 44 45 46
18 43 44 45 46 47
18 44 45 46 47 48
18 45 46 47 48 49
19 20 21 22 23 25
19 20 21 22 23 26
19 20 21 22 23 27
19 20 21 22 23 28
19 20 21 22 23 29
19 20 21 22 23 30
19 20 21 22 23 31
19 20 21 22 23 32
19 20 21 22 23 33
19 20 21 22 23 34
19 20 21 22 23 35
19 20 21 22 23 36
19 20 21 22 23 37
19 20 21 22 23 38
19 20 21 22 23 39
19 20 21 22 23 40
19 20 21 22 23 41
19 20 21 22 23 42
19 20 21 22 23 43
19 20 21 22 23 44
19 20 21 22 23 45
19 20 21 22 23 46
19 20 21 22 23 47
19 20 21 22 23 48
19 20 21 22 23 49
19 21 22 23 24 25
19 22 23 24 25 26
19 23 24 25 26 27
19 24 25 26 27 28
19 25 26 27 28 29
19 26 27 28 29 30
19 27 28 29 30 31
19 28 29 30 31 32
19 29 30 31 32 33
19 30 31 32 33 34
19 31 32 33 34 35
19 32 33 34 35 36
19 33 34 35 36 37
19 34 35 36 37 38
19 35 36 37 38 39
19 36 37 38 39 40
19 37 38 39 40 41
19 38 39 40 41 42
19 39 40 41 42 43
19 40 41 42 43 44
19 41 42 43 44 45
19 42 43 44 45 46
19 43 44 45 46 47
19 44 45 46 47 48
19 45 46 47 48 49
20 21 22 23 24 26
20 21 22 23 24 27
20 21 22 23 24 28
20 21 22 23 24 29
20 21 22 23 24 30
20 21 22 23 24 31
20 21 22 23 24 32
20 21 22 23 24 33
20 21 22 23 24 34
20 21 22 23 24 35
20 21 22 23 24 36
20 21 22 23 24 37
20 21 22 23 24 38
20 21 22 23 24 39
20 21 22 23 24 40
20 21 22 23 24 41
20 21 22 23 24 42
20 21 22 23 24 43
20 21 22 23 24 44
20 21 22 23 24 45
20 21 22 23 24 46
20 21 22 23 24 47
20 21 22 23 24 48
20 21 22 23 24 49
20 22 23 24 25 26
20 23 24 25 26 27
20 24 25 26 27 28
20 25 26 27 28 29
20 26 27 28 29 30
20 27 28 29 30 31
20 28 29 30 31 32
20 29 30 31 32 33
20 30 31 32 33 34
20 31 32 33 34 35
20 32 33 34 35 36
20 33 34 35 36 37
20 34 35 36 37 38
20 35 36 37 38 39
20 36 37 38 39 40
20 37 38 39 40 41
20 38 39 40 41 42
20 39 40 41 42 43
20 40 41 42 43 44
20 41 42 43 44 45
20 42 43 44 45 46
20 43 44 45 46 47
20 44 45 46 47 48
20 45 46 47 48 49
21 22 23 24 25 27
21 22 23 24 25 28
21 22 23 24 25 29
21 22 23 24 25 30
21 22 23 24 25 31
21 22 23 24 25 32
21 22 23 24 25 33
21 22 23 24 25 34
21 22 23 24 25 35
21 22 23 24 25 36
21 22 23 24 25 37
21 22 23 24 25 38
21 22 23 24 25 39
21 22 23 24 25 40
21 22 23 24 25 41
21 22 23 24 25 42
21 22 23 24 25 43
21 22 23 24 25 44
21 22 23 24 25 45
21 22 23 24 25 46
21 22 23 24 25 47
21 22 23 24 25 48
21 22 23 24 25 49
21 23 24 25 26 27
21 24 25 26 27 28
21 25 26 27 28 29
21 26 27 28 29 30
21 27 28 29 30 31
21 28 29 30 31 32
21 29 30 31 32 33
21 30 31 32 33 34
21 31 32 33 34 35
21 32 33 34 35 36
21 33 34 35 36 37
21 34 35 36 37 38
21 35 36 37 38 39
21 36 37 38 39 40
21 37 38 39 40 41
21 38 39 40 41 42
21 39 40 41 42 43
21 40 41 42 43 44
21 41 42 43 44 45
21 42 43 44 45 46
21 43 44 45 46 47
21 44 45 46 47 48
21 45 46 47 48 49
22 23 24 25 26 28
22 23 24 25 26 29
22 23 24 25 26 30
22 23 24 25 26 31
22 23 24 25 26 32
22 23 24 25 26 33
22 23 24 25 26 34
22 23 24 25 26 35
22 23 24 25 26 36
22 23 24 25 26 37
22 23 24 25 26 38
22 23 24 25 26 39
22 23 24 25 26 40
22 23 24 25 26 41
22 23 24 25 26 42
22 23 24 25 26 43
22 23 24 25 26 44
22 23 24 25 26 45
22 23 24 25 26 46
22 23 24 25 26 47
22 23 24 25 26 48
22 23 24 25 26 49
22 24 25 26 27 28
22 25 26 27 28 29
22 26 27 28 29 30
22 27 28 29 30 31
22 28 29 30 31 32
22 29 30 31 32 33
22 30 31 32 33 34
22 31 32 33 34 35
22 32 33 34 35 36
22 33 34 35 36 37
22 34 35 36 37 38
22 35 36 37 38 39
22 36 37 38 39 40
22 37 38 39 40 41
22 38 39 40 41 42
22 39 40 41 42 43
22 40 41 42 43 44
22 41 42 43 44 45
22 42 43 44 45 46
22 43 44 45 46 47
22 44 45 46 47 48
22 45 46 47 48 49
23 24 25 26 27 29
23 24 25 26 27 30
23 24 25 26 27 31
23 24 25 26 27 32
23 24 25 26 27 33
23 24 25 26 27 34
23 24 25 26 27 35
23 24 25 26 27 36
23 24 25 26 27 37
23 24 25 26 27 38
23 24 25 26 27 39
23 24 25 26 27 40
23 24 25 26 27 41
23 24 25 26 27 42
23 24 25 26 27 43
23 24 25 26 27 44
23 24 25 26 27 45
23 24 25 26 27 46
23 24 25 26 27 47
23 24 25 26 27 48
23 24 25 26 27 49
23 25 26 27 28 29
23 26 27 28 29 30
23 27 28 29 30 31
23 28 29 30 31 32
23 29 30 31 32 33
23 30 31 32 33 34
23 31 32 33 34 35
23 32 33 34 35 36
23 33 34 35 36 37
23 34 35 36 37 38
23 35 36 37 38 39
23 36 37 38 39 40
23 37 38 39 40 41
23 38 39 40 41 42
23 39 40 41 42 43
23 40 41 42 43 44
23 41 42 43 44 45
23 42 43 44 45 46
23 43 44 45 46 47
23 44 45 46 47 48
23 45 46 47 48 49
24 25 26 27 28 30
24 25 26 27 28 31
24 25 26 27 28 32
24 25 26 27 28 33
24 25 26 27 28 34
24 25 26 27 28 35
24 25 26 27 28 36
24 25 26 27 28 37
24 25 26 27 28 38
24 25 26 27 28 39
24 25 26 27 28 40
24 25 26 27 28 41
24 25 26 27 28 42
24 25 26 27 28 43
24 25 26 27 28 44
24 25 26 27 28 45
24 25 26 27 28 46
24 25 26 27 28 47
24 25 26 27 28 48
24 25 26 27 28 49
24 26 27 28 29 30
24 27 28 29 30 31
24 28 29 30 31 32
24 29 30 31 32 33
24 30 31 32 33 34
24 31 32 33 34 35
24 32 33 34 35 36
24 33 34 35 36 37
24 34 35 36 37 38
24 35 36 37 38 39
24 36 37 38 39 40
24 37 38 39 40 41
24 38 39 40 41 42
24 39 40 41 42 43
24 40 41 42 43 44
24 41 42 43 44 45
24 42 43 44 45 46
24 43 44 45 46 47
24 44 45 46 47 48
24 45 46 47 48 49
25 26 27 28 29 31
25 26 27 28 29 32
25 26 27 28 29 33
25 26 27 28 29 34
25 26 27 28 29 35
25 26 27 28 29 36
25 26 27 28 29 37
25 26 27 28 29 38
25 26 27 28 29 39
25 26 27 28 29 40
25 26 27 28 29 41
25 26 27 28 29 42
25 26 27 28 29 43
25 26 27 28 29 44
25 26 27 28 29 45
25 26 27 28 29 46
25 26 27 28 29 47
25 26 27 28 29 48
25 26 27 28 29 49
25 27 28 29 30 31
25 28 29 30 31 32
25 29 30 31 32 33
25 30 31 32 33 34
25 31 32 33 34 35
25 32 33 34 35 36
25 33 34 35 36 37
25 34 35 36 37 38
25 35 36 37 38 39
25 36 37 38 39 40
25 37 38 39 40 41
25 38 39 40 41 42
25 39 40 41 42 43
25 40 41 42 43 44
25 41 42 43 44 45
25 42 43 44 45 46
25 43 44 45 46 47
25 44 45 46 47 48
25 45 46 47 48 49
26 27 28 29 30 32
26 27 28 29 30 33
26 27 28 29 30 34
26 27 28 29 30 35
26 27 28 29 30 36
26 27 28 29 30 37
26 27 28 29 30 38
26 27 28 29 30 39
26 27 28 29 30 40
26 27 28 29 30 41
26 27 28 29 30 42
26 27 28 29 30 43
26 27 28 29 30 44
26 27 28 29 30 45
26 27 28 29 30 46
26 27 28 29 30 47
26 27 28 29 30 48
26 27 28 29 30 49
26 28 29 30 31 32
26 29 30 31 32 33
26 30 31 32 33 34
26 31 32 33 34 35
26 32 33 34 35 36
26 33 34 35 36 37
26 34 35 36 37 38
26 35 36 37 38 39
26 36 37 38 39 40
26 37 38 39 40 41
26 38 39 40 41 42
26 39 40 41 42 43
26 40 41 42 43 44
26 41 42 43 44 45
26 42 43 44 45 46
26 43 44 45 46 47
26 44 45 46 47 48
26 45 46 47 48 49
27 28 29 30 31 33
27 28 29 30 31 34
27 28 29 30 31 35
27 28 29 30 31 36
27 28 29 30 31 37
27 28 29 30 31 38
27 28 29 30 31 39
27 28 29 30 31 40
27 28 29 30 31 41
27 28 29 30 31 42
27 28 29 30 31 43
27 28 29 30 31 44
27 28 29 30 31 45
27 28 29 30 31 46
27 28 29 30 31 47
27 28 29 30 31 48
27 28 29 30 31 49
27 29 30 31 32 33
27 30 31 32 33 34
27 31 32 33 34 35
27 32 33 34 35 36
27 33 34 35 36 37
27 34 35 36 37 38
27 35 36 37 38 39
27 36 37 38 39 40
27 37 38 39 40 41
27 38 39 40 41 42
27 39 40 41 42 43
27 40 41 42 43 44
27 41 42 43 44 45
27 42 43 44 45 46
27 43 44 45 46 47
27 44 45 46 47 48
27 45 46 47 48 49
28 29 30 31 32 34
28 29 30 31 32 35
28 29 30 31 32 36
28 29 30 31 32 37
28 29 30 31 32 38
28 29 30 31 32 39
28 29 30 31 32 40
28 29 30 31 32 41
28 29 30 31 32 42
28 29 30 31 32 43
28 29 30 31 32 44
28 29 30 31 32 45
28 29 30 31 32 46
28 29 30 31 32 47
28 29 30 31 32 48
28 29 30 31 32 49
28 30 31 32 33 34
28 31 32 33 34 35
28 32 33 34 35 36
28 33 34 35 36 37
28 34 35 36 37 38
28 35 36 37 38 39
28 36 37 38 39 40
28 37 38 39 40 41
28 38 39 40 41 42
28 39 40 41 42 43
28 40 41 42 43 44
28 41 42 43 44 45
28 42 43 44 45 46
28 43 44 45 46 47
28 44 45 46 47 48
28 45 46 47 48 49
29 30 31 32 33 35
29 30 31 32 33 36
29 30 31 32 33 37
29 30 31 32 33 38
29 30 31 32 33 39
29 30 31 32 33 40
29 30 31 32 33 41
29 30 31 32 33 42
29 30 31 32 33 43
29 30 31 32 33 44
29 30 31 32 33 45
29 30 31 32 33 46
29 30 31 32 33 47
29 30 31 32 33 48
29 30 31 32 33 49
29 31 32 33 34 35
29 32 33 34 35 36
29 33 34 35 36 37
29 34 35 36 37 38
29 35 36 37 38 39
29 36 37 38 39 40
29 37 38 39 40 41
29 38 39 40 41 42
29 39 40 41 42 43
29 40 41 42 43 44
29 41 42 43 44 45
29 42 43 44 45 46
29 43 44 45 46 47
29 44 45 46 47 48
29 45 46 47 48 49
30 31 32 33 34 36
30 31 32 33 34 37
30 31 32 33 34 38
30 31 32 33 34 39
30 31 32 33 34 40
30 31 32 33 34 41
30 31 32 33 34 42
30 31 32 33 34 43
30 31 32 33 34 44
30 31 32 33 34 45
30 31 32 33 34 46
30 31 32 33 34 47
30 31 32 33 34 48
30 31 32 33 34 49
30 32 33 34 35 36
30 33 34 35 36 37
30 34 35 36 37 38
30 35 36 37 38 39
30 36 37 38 39 40
30 37 38 39 40 41
30 38 39 40 41 42
30 39 40 41 42 43
30 40 41 42 43 44
30 41 42 43 44 45
30 42 43 44 45 46
30 43 44 45 46 47
30 44 45 46 47 48
30 45 46 47 48 49
31 32 33 34 35 37
31 32 33 34 35 38
31 32 33 34 35 39
31 32 33 34 35 40
31 32 33 34 35 41
31 32 33 34 35 42
31 32 33 34 35 43
31 32 33 34 35 44
31 32 33 34 35 45
31 32 33 34 35 46
31 32 33 34 35 47
31 32 33 34 35 48
31 32 33 34 35 49
31 33 34 35 36 37
31 34 35 36 37 38
31 35 36 37 38 39
31 36 37 38 39 40
31 37 38 39 40 41
31 38 39 40 41 42
31 39 40 41 42 43
31 40 41 42 43 44
31 41 42 43 44 45
31 42 43 44 45 46
31 43 44 45 46 47
31 44 45 46 47 48
31 45 46 47 48 49
32 33 34 35 36 38
32 33 34 35 36 39
32 33 34 35 36 40
32 33 34 35 36 41
32 33 34 35 36 42
32 33 34 35 36 43
32 33 34 35 36 44
32 33 34 35 36 45
32 33 34 35 36 46
32 33 34 35 36 47
32 33 34 35 36 48
32 33 34 35 36 49
32 34 35 36 37 38
32 35 36 37 38 39
32 36 37 38 39 40
32 37 38 39 40 41
32 38 39 40 41 42
32 39 40 41 42 43
32 40 41 42 43 44
32 41 42 43 44 45
32 42 43 44 45 46
32 43 44 45 46 47
32 44 45 46 47 48
32 45 46 47 48 49
33 34 35 36 37 39
33 34 35 36 37 40
33 34 35 36 37 41
33 34 35 36 37 42
33 34 35 36 37 43
33 34 35 36 37 44
33 34 35 36 37 45
33 34 35 36 37 46
33 34 35 36 37 47
33 34 35 36 37 48
33 34 35 36 37 49
33 35 36 37 38 39
33 36 37 38 39 40
33 37 38 39 40 41
33 38 39 40 41 42
33 39 40 41 42 43
33 40 41 42 43 44
33 41 42 43 44 45
33 42 43 44 45 46
33 43 44 45 46 47
33 44 45 46 47 48
33 45 46 47 48 49
34 35 36 37 38 40
34 35 36 37 38 41
34 35 36 37 38 42
34 35 36 37 38 43
34 35 36 37 38 44
34 35 36 37 38 45
34 35 36 37 38 46
34 35 36 37 38 47
34 35 36 37 38 48
34 35 36 37 38 49
34 36 37 38 39 40
34 37 38 39 40 41
34 38 39 40 41 42
34 39 40 41 42 43
34 40 41 42 43 44
34 41 42 43 44 45
34 42 43 44 45 46
34 43 44 45 46 47
34 44 45 46 47 48
34 45 46 47 48 49
35 36 37 38 39 41
35 36 37 38 39 42
35 36 37 38 39 43
35 36 37 38 39 44
35 36 37 38 39 45
35 36 37 38 39 46
35 36 37 38 39 47
35 36 37 38 39 48
35 36 37 38 39 49
35 37 38 39 40 41
35 38 39 40 41 42
35 39 40 41 42 43
35 40 41 42 43 44
35 41 42 43 44 45
35 42 43 44 45 46
35 43 44 45 46 47
35 44 45 46 47 48
35 45 46 47 48 49
36 37 38 39 40 42
36 37 38 39 40 43
36 37 38 39 40 44
36 37 38 39 40 45
36 37 38 39 40 46
36 37 38 39 40 47
36 37 38 39 40 48
36 37 38 39 40 49
36 38 39 40 41 42
36 39 40 41 42 43
36 40 41 42 43 44
36 41 42 43 44 45
36 42 43 44 45 46
36 43 44 45 46 47
36 44 45 46 47 48
36 45 46 47 48 49
37 38 39 40 41 43
37 38 39 40 41 44
37 38 39 40 41 45
37 38 39 40 41 46
37 38 39 40 41 47
37 38 39 40 41 48
37 38 39 40 41 49
37 39 40 41 42 43
37 40 41 42 43 44
37 41 42 43 44 45
37 42 43 44 45 46
37 43 44 45 46 47
37 44 45 46 47 48
37 45 46 47 48 49
38 39 40 41 42 44
38 39 40 41 42 45
38 39 40 41 42 46
38 39 40 41 42 47
38 39 40 41 42 48
38 39 40 41 42 49
38 40 41 42 43 44
38 41 42 43 44 45
38 42 43 44 45 46
38 43 44 45 46 47
38 44 45 46 47 48
38 45 46 47 48 49
39 40 41 42 43 45
39 40 41 42 43 46
39 40 41 42 43 47
39 40 41 42 43 48
39 40 41 42 43 49
39 41 42 43 44 45
39 42 43 44 45 46
39 43 44 45 46 47
39 44 45 46 47 48
39 45 46 47 48 49
40 41 42 43 44 46
40 41 42 43 44 47
40 41 42 43 44 48
40 41 42 43 44 49
40 42 43 44 45 46
40 43 44 45 46 47
40 44 45 46 47 48
40 45 46 47 48 49
41 42 43 44 45 47
41 42 43 44 45 48
41 42 43 44 45 49
41 43 44 45 46 47
41 44 45 46 47 48
41 45 46 47 48 49
42 43 44 45 46 48
42 43 44 45 46 49
42 44 45 46 47 48
42 45 46 47 48 49
43 44 45 46 47 49
43 45 46 47 48 49
