			Primitiva			bonoloto
			2	3	4		2	3	4


021117424448 com 1      357	52	5	  	712	106	10	

040828404147  com 2	376	44	1		725	93	6

031118424349  com 3	360	53	3		773	86	9

051218444748  com 4	378	46	2		722	85	7

041012434649  com 5	360	36	2		751	101	8



030928404248  com 6	372	46	2		725	100	6


020816434449  com 7	331	51	3		730	95	3

040924414246  com 8	337	44	2		727	88	6


040728434448 com 9	348	43	2		752	97	3

030626404449 com 10	366	49	2		731	92	6	1


081318424647 com 11	358	55	1		712	88	5

111426404247 com 12	383	50	4		725	96	6

020918464849  com 13	366	35	4		738	104	7

030527414648 com 14	385	50	2		740	93	7

021217404647 com 15	365	45	5		754	98	6

020529414247 com 16	377	44	2		707	94	5

030829434748 com 17	358	50	5		723	89	3

070824404249 com 18	328	49	2		747	83	1

021315404143 com 19	364	48	3		718	110	4	1

031217414344 com 20	376	46	4		708	94	5

041113404648 com 21	365	48	1		746	92	5

040627424748 com 22	372	55	2		743	96	3

050928434647 com 23	372	49	7		697	74	7

050911404144 com 24	382	54	0		712	78	2

051016424849 com 25	369	52	2		737	106	5


