010203040506
020304050607
030405060708
040506070809
050607080910
060708091011
070809101112
080910111213
091011121314
101112131415
111213141516
121314151617
131415161718
141516171819
151617181920
161718192021
171819202122
181920212223
192021222324
202122232425
212223242526
222324252627
232425262728
242526272829
252627282930
262728293031
272829303132
282930313233
293031323334
303132333435
313233343536
323334353637
333435363738
343536373839
353637383940
363738394041
373839404142
383940414243
394041424344
404142434445
414243444546
424344454647
434445464748
444546474849
