010203040809
010203060809
010304050809
010304060809
010304070809
010305060809
010306070809
010405070809
010406070809
010506070809
020304060809
020406070809
030405060809
030406070809
040506070809
101112131418
101112141518
101112141718
101113141518
101113141618
101113141718
101113141819
101114151618
101114151718
101114151819
101114161718
101213141819
101214151819
101214171819
101314151819
101314161819
101314171819
101415161819
101415171819
101416171819
111213141518
111213141618
111213141718
111213141819
111214151618
111214151718
111214151819
111214161718
111214171819
111314151618
111314151718
111314151819
111314161718
111314161819
111314171819
111415161718
111415161819
111415171819
111416171819
121314151819
121314161819
121314171819
121415161819
121415171819
121416171819
131415161819
131415171819
131416171819
141516171819
303132333435
303132333438
303132333537
303132333539
303132333738
303132333839
303132343536
303132343537
303132343538
303132343539
303132343638
303132343738
303132343839
303132353637
303132353639
303132353738
303132353739
303132353839
303132363738
303132363839
303132373839
303133343538
303133353738
303133353839
303134353638
303134353738
303134353839
303135363738
303135363839
303135373839
303233343536
303233343537
303233343538
303233343539
303233343638
303233343738
303233343839
303233353639
303233353739
303233353839
303233363839
303233373839
303234353637
303234353638
303234353639
303234353738
303234353739
303234353839
303234363738
303234363839
303234373839
303235363739
303235363839
303235373839
303236373839
303334353638
303334353738
303334353839
303335363839
303335373839
303435363738
303435363839
303435373839
303536373839
313233343537
313233343539
313233343738
313233343839
313233353739
313233373839
313234353637
313234353639
313234353738
313234353739
313234353839
313234363738
313234363839
313234373839
313235363739
313235373839
313236373839
313334353738
313334353839
313335373839
313435363738
313435363839
313435373839
313536373839
323334353639
323334353739
323334353839
323334363839
323435363739
323435363839
323435373839
323436373839
333435363839
333435373839
343536373839
404142434547
404142434648
404142434649
404142444547
404142444548
404142444549
404142444648
404142444649
404142454647
404142454648
404142454649
404142454748
404142454749
404142464748
404142464749
404142464849
404143444548
404143444549
404143454648
404143454649
404143454748
404143454749
404143464849
404144454648
404144454649
404144454748
404144454749
404144454849
404144464849
404145464748
404145464749
404145464849
404145474849
404146474849
404243464748
404243464749
404244454748
404244454749
404244464748
404244464749
404244464849
404245464748
404245464749
404246474849
404344454748
404344454749
404344464849
404345464748
404345464749
404346474849
404445464748
404445464749
404445464849
404445474849
404446474849
404546474849
414243454647
414243454648
414243454649
414244454647
414244454648
414244454649
414245464748
414245464749
414245464849
414344454648
414344454649
414345464748
414345464749
414345464849
414445464748
414445464749
414445464849
414546474849
424345464748
424345464749
424445464748
424445464749
424445464849
424546474849
434445464748
434445464749
434445464849
434546474849
444546474849
