132527303239


152128404349


101533373944
102429313337
101528313339
212528304349
212430373943
212530323943

111527303239



212529334248
152428414349
101931333744
212527303249
212427364349
152126293237
111927303336
111530373942


232528324149


152127303336

212528374043
212528324347
111537404449
151931333648
101329414447
212528334047
212527364348
212329324047
132426313739
102528414749
112326283739
111528404347
111526404349
151932404347
232527303944
192128404347
212529323744
192528313336
212328324749
232527313644



152429313336




151927404348
111328444749
152426293137
112427293336
192426313337
101337414449
111930333748
