212527364348
212527303649
102427293133
111328444749
212329324047
232527303944
101528313339
101533373942
112427293336
111527303239
212528304749
212328324749
101931333744
102528414749
152127303336
151927404348
212430373943
112326283739
111528404349
212528323943
101329414447
151931333648
212427364349
132426313739
151932404347
152428414349
111530373942
212529323744
192128404347
111930333748
192527303336
101337414449
212529334248
192426313337
212528374043
152126293237
232527313644
232528324149
192528313336
132127303239
111537404449
152426293137
152429313336
212528334047
