102223293749
142229323336
142123293641
111416303746
121418214145
102231404649
151619253448
152027293048
122224283143
122122243348
111528313336
162427323337
121316234048
121418313741
101823434749
161828414749
141823434649
172224293337
121321232649
182124284047
131516263748
121923262846
172022283337
102225404149
142324273648
121316274348
141718294148
182021243037
142122293341
131718233445
102024263349
111619303446
192526284547
102126293047
141520242748
202430333741
161924262743
112223284347
111524282931
101936404145
141622333637
141718234345
121921252645
111718253146
142122243033
132025434748
101823262845
101430434548
121920232640
131417293748
121823262831
