030415172639
030512183638
030612153436
030612173134
030617222639
030809182839
030812222336
030912173136
030912222634
031215242836
031718202236
040515172638
040515233134
040619212834
040809172636
040817192639
040817212231
040817243136
040910212636
040915192834
041015202431
041221242831
041518212831
041820212331
050615242839
050617213138
050812202639
050815182829
050817202634
050819202631
050912213436
051012212936
051215222336
051217232436
051218192636
051518222431
051719202336
060810152639
060812152439
060812212239
060912242639
061015242631
061215262831
080912192639
081015182336
081015192639
081015192934
091215242634
091217202236
091519202431
