010203040506
010203040507
010203040508
010203040509
010203040607
010203040608
010203040609
010203040708
010203040709
010203040809
010203050607
010203050608
010203050609
010203050708
010203050709
010203050809
010203060708
010203060709
010203060809
010203070809
010204050607
010204050608
010204050609
010204050708
010204050709
010204050809
010204060708
010204060709
010204060809
010204070809
010205060708
010205060709
010205060809
010205070809
010206070809
010304050607
010304050608
010304050609
010304050708
010304050709
010304050809
010304060708
010304060709
010304060809
010304070809
010305060708
010305060709
010305060809
010305070809
010306070809
010405060708
010405060709
010405060809
010405070809
010406070809
010506070809
020304050607
020304050608
020304050609
020304050708
020304050709
020304050809
020304060708
020304060709
020304060809
020304070809
020305060708
020305060709
020305060809
020305070809
020306070809
020405060708
020405060709
020405060809
020405070809
020406070809
020506070809
030405060708
030405060709
030405060809
030405070809
030406070809
030506070809
040506070809
101112131415
101112131416
101112131417
101112131418
101112131419
101112131516
101112131517
101112131518
101112131519
101112131617
101112131618
101112131619
101112131718
101112131719
101112131819
101112141516
101112141517
101112141518
101112141519
101112141617
101112141618
101112141619
101112141718
101112141719
101112141819
101112151617
101112151618
101112151619
101112151718
101112151719
101112151819
101112161718
101112161719
101112161819
101112171819
101113141516
101113141517
101113141518
101113141519
101113141617
101113141618
101113141619
101113141718
101113141719
101113141819
101113151617
101113151618
101113151619
101113151718
101113151719
101113151819
101113161718
101113161719
101113161819
101113171819
101114151617
101114151618
101114151619
101114151718
101114151719
101114151819
101114161718
101114161719
101114161819
101114171819
101115161718
101115161719
101115161819
101115171819
101116171819
101213141516
101213141517
101213141518
101213141519
101213141617
101213141618
101213141619
101213141718
101213141719
101213141819
101213151617
101213151618
101213151619
101213151718
101213151719
101213151819
101213161718
101213161719
101213161819
101213171819
101214151617
101214151618
101214151619
101214151718
101214151719
101214151819
101214161718
101214161719
101214161819
101214171819
101215161718
101215161719
101215161819
101215171819
101216171819
101314151617
101314151618
101314151619
101314151718
101314151719
101314151819
101314161718
101314161719
101314161819
101314171819
101315161718
101315161719
101315161819
101315171819
101316171819
101415161718
101415161719
101415161819
101415171819
101416171819
101516171819
111213141516
111213141517
111213141518
111213141519
111213141617
111213141618
111213141619
111213141718
111213141719
111213141819
111213151617
111213151618
111213151619
111213151718
111213151719
111213151819
111213161718
111213161719
111213161819
111213171819
111214151617
111214151618
111214151619
111214151718
111214151719
111214151819
111214161718
111214161719
111214161819
111214171819
111215161718
111215161719
111215161819
111215171819
111216171819
111314151617
111314151618
111314151619
111314151718
111314151719
111314151819
111314161718
111314161719
111314161819
111314171819
111315161718
111315161719
111315161819
111315171819
111316171819
111415161718
111415161719
111415161819
111415171819
111416171819
111516171819
121314151617
121314151618
121314151619
121314151718
121314151719
121314151819
121314161718
121314161719
121314161819
121314171819
121315161718
121315161719
121315161819
121315171819
121316171819
121415161718
121415161719
121415161819
121415171819
121416171819
121516171819
131415161718
131415161719
131415161819
131415171819
131416171819
131516171819
141516171819
202122232425
202122232426
202122232427
202122232428
202122232429
202122232526
202122232527
202122232528
202122232529
202122232627
202122232628
202122232629
202122232728
202122232729
202122232829
202122242526
202122242527
202122242528
202122242529
202122242627
202122242628
202122242629
202122242728
202122242729
202122242829
202122252627
202122252628
202122252629
202122252728
202122252729
202122252829
202122262728
202122262729
202122262829
202122272829
202123242526
202123242527
202123242528
202123242529
202123242627
202123242628
202123242629
202123242728
202123242729
202123242829
202123252627
202123252628
202123252629
202123252728
202123252729
202123252829
202123262728
202123262729
202123262829
202123272829
202124252627
202124252628
202124252629
202124252728
202124252729
202124252829
202124262728
202124262729
202124262829
202124272829
202125262728
202125262729
202125262829
202125272829
202126272829
202223242526
202223242527
202223242528
202223242529
202223242627
202223242628
202223242629
202223242728
202223242729
202223242829
202223252627
202223252628
202223252629
202223252728
202223252729
202223252829
202223262728
202223262729
202223262829
202223272829
202224252627
202224252628
202224252629
202224252728
202224252729
202224252829
202224262728
202224262729
202224262829
202224272829
202225262728
202225262729
202225262829
202225272829
202226272829
202324252627
202324252628
202324252629
202324252728
202324252729
202324252829
202324262728
202324262729
202324262829
202324272829
202325262728
202325262729
202325262829
202325272829
202326272829
202425262728
202425262729
202425262829
202425272829
202426272829
202526272829
212223242526
212223242527
212223242528
212223242529
212223242627
212223242628
212223242629
212223242728
212223242729
212223242829
212223252627
212223252628
212223252629
212223252728
212223252729
212223252829
212223262728
212223262729
212223262829
212223272829
212224252627
212224252628
212224252629
212224252728
212224252729
212224252829
212224262728
212224262729
212224262829
212224272829
212225262728
212225262729
212225262829
212225272829
212226272829
212324252627
212324252628
212324252629
212324252728
212324252729
212324252829
212324262728
212324262729
212324262829
212324272829
212325262728
212325262729
212325262829
212325272829
212326272829
212425262728
212425262729
212425262829
212425272829
212426272829
212526272829
222324252627
222324252628
222324252629
222324252728
222324252729
222324252829
222324262728
222324262729
222324262829
222324272829
222325262728
222325262729
222325262829
222325272829
222326272829
222425262728
222425262729
222425262829
222425272829
222426272829
222526272829
232425262728
232425262729
232425262829
232425272829
232426272829
232526272829
242526272829
303132333435
303132333436
303132333437
303132333438
303132333439
303132333536
303132333537
303132333538
303132333539
303132333637
303132333638
303132333639
303132333738
303132333739
303132333839
303132343536
303132343537
303132343538
303132343539
303132343637
303132343638
303132343639
303132343738
303132343739
303132343839
303132353637
303132353638
303132353639
303132353738
303132353739
303132353839
303132363738
303132363739
303132363839
303132373839
303133343536
303133343537
303133343538
303133343539
303133343637
303133343638
303133343639
303133343738
303133343739
303133343839
303133353637
303133353638
303133353639
303133353738
303133353739
303133353839
303133363738
303133363739
303133363839
303133373839
303134353637
303134353638
303134353639
303134353738
303134353739
303134353839
303134363738
303134363739
303134363839
303134373839
303135363738
303135363739
303135363839
303135373839
303136373839
303233343536
303233343537
303233343538
303233343539
303233343637
303233343638
303233343639
303233343738
303233343739
303233343839
303233353637
303233353638
303233353639
303233353738
303233353739
303233353839
303233363738
303233363739
303233363839
303233373839
303234353637
303234353638
303234353639
303234353738
303234353739
303234353839
303234363738
303234363739
303234363839
303234373839
303235363738
303235363739
303235363839
303235373839
303236373839
303334353637
303334353638
303334353639
303334353738
303334353739
303334353839
303334363738
303334363739
303334363839
303334373839
303335363738
303335363739
303335363839
303335373839
303336373839
303435363738
303435363739
303435363839
303435373839
303436373839
303536373839
313233343536
313233343537
313233343538
313233343539
313233343637
313233343638
313233343639
313233343738
313233343739
313233343839
313233353637
313233353638
313233353639
313233353738
313233353739
313233353839
313233363738
313233363739
313233363839
313233373839
313234353637
313234353638
313234353639
313234353738
313234353739
313234353839
313234363738
313234363739
313234363839
313234373839
313235363738
313235363739
313235363839
313235373839
313236373839
313334353637
313334353638
313334353639
313334353738
313334353739
313334353839
313334363738
313334363739
313334363839
313334373839
313335363738
313335363739
313335363839
313335373839
313336373839
313435363738
313435363739
313435363839
313435373839
313436373839
313536373839
323334353637
323334353638
323334353639
323334353738
323334353739
323334353839
323334363738
323334363739
323334363839
323334373839
323335363738
323335363739
323335363839
323335373839
323336373839
323435363738
323435363739
323435363839
323435373839
323436373839
323536373839
333435363738
333435363739
333435363839
333435373839
333436373839
333536373839
343536373839
404142434445
404142434446
404142434447
404142434448
404142434449
404142434546
404142434547
404142434548
404142434549
404142434647
404142434648
404142434649
404142434748
404142434749
404142434849
404142444546
404142444547
404142444548
404142444549
404142444647
404142444648
404142444649
404142444748
404142444749
404142444849
404142454647
404142454648
404142454649
404142454748
404142454749
404142454849
404142464748
404142464749
404142464849
404142474849
404143444546
404143444547
404143444548
404143444549
404143444647
404143444648
404143444649
404143444748
404143444749
404143444849
404143454647
404143454648
404143454649
404143454748
404143454749
404143454849
404143464748
404143464749
404143464849
404143474849
404144454647
404144454648
404144454649
404144454748
404144454749
404144454849
404144464748
404144464749
404144464849
404144474849
404145464748
404145464749
404145464849
404145474849
404146474849
404243444546
404243444547
404243444548
404243444549
404243444647
404243444648
404243444649
404243444748
404243444749
404243444849
404243454647
404243454648
404243454649
404243454748
404243454749
404243454849
404243464748
404243464749
404243464849
404243474849
404244454647
404244454648
404244454649
404244454748
404244454749
404244454849
404244464748
404244464749
404244464849
404244474849
404245464748
404245464749
404245464849
404245474849
404246474849
404344454647
404344454648
404344454649
404344454748
404344454749
404344454849
404344464748
404344464749
404344464849
404344474849
404345464748
404345464749
404345464849
404345474849
404346474849
404445464748
404445464749
404445464849
404445474849
404446474849
404546474849
414243444546
414243444547
414243444548
414243444549
414243444647
414243444648
414243444649
414243444748
414243444749
414243444849
414243454647
414243454648
414243454649
414243454748
414243454749
414243454849
414243464748
414243464749
414243464849
414243474849
414244454647
414244454648
414244454649
414244454748
414244454749
414244454849
414244464748
414244464749
414244464849
414244474849
414245464748
414245464749
414245464849
414245474849
414246474849
414344454647
414344454648
414344454649
414344454748
414344454749
414344454849
414344464748
414344464749
414344464849
414344474849
414345464748
414345464749
414345464849
414345474849
414346474849
414445464748
414445464749
414445464849
414445474849
414446474849
414546474849
424344454647
424344454648
424344454649
424344454748
424344454749
424344454849
424344464748
424344464749
424344464849
424344474849
424345464748
424345464749
424345464849
424345474849
424346474849
424445464748
424445464749
424445464849
424445474849
424446474849
424546474849
434445464748
434445464749
434445464849
434445474849
434446474849
434546474849
444546474849
