111419264042
071416182940
051426293248
021316183449
061328324447
101618253144
021620333744
061725344248
061820313439
050820264144
081013152634
021013414448
101435384249
020609173844
022126283045
051116283442
112022284449
020831344045
021014263743
081722263340
142022414348
071622303338
081322303944
081625323441
020610213447
101622284347
060914283140
071532404448
101921284244
051826303342
222534384049
111416303249
060810293742
061521303238
051013163238
061832404349
081014163345
021720262934
182026323537
152022263847
020611183035
020614194548
161930354448
020518404447
070926323438
101932344348
021420252839
060814173239
061018223341
071620314248
