032128363849
052026313644
092029363844
092232374446
052026374347
062431334449
092228364149
062429363841
032226374345
052326354448
062128313543
042429313840
042131364043
052328323747
062229313749
032031354346
092126323848
092026354446
092026333849
092433364149
052429314649
062426323749
062231334345
062231384348
062136384345
052026333848
042128324449
052026333641
042135374548
032426334549
042231354446
062131384449
032336384045
032329374046
052028374348
042129324143
062335384649
052229313546
042028353748
092428354348
032035374049
092328323543
092326363841
052026333745
092029353843
042028333743
052228314345
062029314349
042133354348
042429364145
062226354148
062329314148
052426384146
092429333648
092028374548
042329333645
042031334046
062326323544
032126384548
052129314648
042326323545
032326354049
042026354049
052026323740
042026334143
052429364448
042429323643
052429354346
052332384048
042428333740
032129324148
042433384149
052226334145
052428384043
042335384044
052229323743
042428354349
092228324146
042028314045
062329314446
092026324349
052031364346
032229363846
042426374145
022429374649
092031334144
092229384147
032428354347
042426353849
062026353748
062226353743
092226334749
052031354447
052026314648
092132384349
042033374045
032228384049
042033364144
062028314346
092333354446
042429333640
092228384047
092429374648
062028374649
022236384347
032235384347
032328324547
062426354043
042029314043
092226333641
092128323840
042433374549
052431374446
092426323645
062426333841
092229314648
042228324149
032028374447
062331384448
032132384048
052328324346
092126364345
062026324549
062431374047
032132374346
092428364749
042428323745
022235384649
092326353849
062126324548
032431334045
042229353745
062031354049
032133384044
042426313547
052329384049
062026374349
062228354346
052426314449
032233354447
052031384146
062431334147
032131384045
092036384749
042031354048
052433384446
062329374047
092226314148
032426354449
052231384045
062029354048
052033374447
042129364046
052032364146
042335384549
092132374649
092033364048
042429353746
092128333643
032032374044
062028333740
052226324347
042029333843
062126353843
062133384649
032231334548
042029374448
062031334649
062335384347
052429314045
062026353841
042129334649
062128364043
052031354348
032429384446
042426324149
052333384044
032032354046
052228333745
092128354449
032426364045
032033364448
032226364047
092329323548
092028354044
042329354346
092126323546
092428384347
042428364149
092433364345
042026364345
032132374047
092033364143
092029313643
062233374446
042126354448
042229354349
092332354649
052126364047
022432374548
062328334149
042131354346
022435374347
092328314548
052035374346
052233384648
092128364048
042129334448
052228374347
092231354049
092232354046
092332364347
052128313643
052128364649
032026384049
052231384143
062429354045
042436384147
032226364548
052029364446
032433364047
022035374549
052429334447
032232374046
092032384649
062331374348
042132384548
032128324347
042329334046
042333354649
092326324449
042126324148
092428374048
042133384349
032428384045
032033354649
092231374649
042431354049
032032384346
032229354649
062431354346
022132384749
052331354048
092329314448
042126354149
092328354049
052032364047
042426324547
042432364549
062432364149
062129384145
032133374048
062033364447
092428313549
062435384449
092328354648
032226334448
062328313747
092026334345
052328354446
092432354045
062026313843
042128374047
032426353846
042328353745
042028374049
032028374046
042033364047
092233354649
092026364347
092129334446
092432364447
062229333747
062233364047
062026313547
052129384649
032228353846
042432354043
092128374049
062031374446
042433354147
032328354046
052126333843
052433384143
092032364346
032433354049
052433374449
052033374048
052428313745
062228353748
062328323546
032226324447
092031364446
092126363840
062028333649
062033374547
092028353747
042432384145
092326323747
052028334143
052026353741
032131354046
092031364148
042429324045
032432354346
052432384045
062229333641
062229354145
092236384146
062428334649
052229374047
092429384143
042231354345
052035374448
062328313548
092126354049
042031364143
062435374549
042233364447
052126384046
092432384144
092026353845
042233354549
042326333745
092028324047
042133384446
052426353743
052128324143
052026364348
062428313343
032033374648
042326384449
042033384447
042132374149
092432384348
022336384349
042329314049
052028323745
052426323641
042332384148
042431334649
092226324047
052231374548
042229324147
042228334144
052428324345
032032374348
032232374148
032429374346
