020818243739
020819243639
020918243639
020919243638
021018223739
021019243639
021020233439
021020233538
021020233639
021020243339
021020243537
021020243539
021020243739
021022243139
021022243337
021022243339
021022243537
021022243539
021022243739
021216243539
021216243739
021217233638
021217243538
021217243639
021218203739
021218233439
021218233639
021218243537
021218243539
021218243739
021219233438
021219233638
021219243338
021219243538
021220233437
021220233439
021220233538
021220233639
021220243337
021220243339
021220243537
021220243539
021220243739
021316243439
021316243639
021317223638
021317243438
021318223439
021318223639
021318243239
021318243437
021318243439
021319223438
021319223638
021319243238
021319243438
021320223437
021320223439
021320223538
021320223639
021320233436
021320233438
021320233638
021320243237
021320243239
021320243336
021320243338
021320243437
021320243439
021322243136
021322243138
021322243639
021416223539
021416223739
021416233439
021416233639
021416243339
021416243537
021416243539
021416243739
021417223538
021417223639
021417233438
021417243639
021418223339
021418223537
021418223539
021418223739
021418233239
021418233437
021418233439
021418233538
021418243139
021418243339
021418243537
021418243539
021418243739
021419223338
021419223538
021419233238
021419233438
021419243138
021420223139
021420223337
021420223339
021420223537
021420223539
021420223739
021420233237
021420233239
021420233336
021420233338
021420233437
021420233439
021420243137
021420243139
021420243335
021420243339
021420243537
021420243539
021420243739
021618223139
021618223337
021618223339
021618223537
021618223539
021618223739
021618233138
021618233237
021618233239
021618233538
021618233639
021618242939
021619223138
021619223338
021619223437
021619223538
021619233436
021619233638
021619242938
021619243136
021619243235
021619243237
021619243336
021619243437
021620223137
021620223139
021620223335
021620223337
021620223339
021620223537
021620223539
021620223739
021620233136
021620233235
021620233237
021620233239
021620233338
021620233639
021622243133
021622243135
021622243137
021622243139
021622243335
021622243337
021622243339
021622243537
021622243539
021622243739
021719223436
021719223438
021719223638
021719243236
021719243238
021719243436
021719243438
021720223136
021720223138
021720223336
021720223338
021720223439
021720223538
021720223639
021720233234
021720233236
021720233238
021720243134
021720243235
021720243239
021720243439
021722243136
021722243138
021722243336
021722243338
021722243538
021722243639
021820223135
021820223137
021820223139
021820223335
021820223337
021820223339
021820223537
021820223539
021820223739
021820233138
021820233235
021820233237
021820233239
021820233336
021820233538
021822243133
021822243135
021822243137
021822243139
021822243335
021822243337
021822243339
021822243537
021822243539
021822243739
021922243136
021922243138
021922243336
021922243338
021922243538
030819243638
030918243638
031016243639
031018243538
031019243438
031020223439
031020223538
031020223639
031020243239
031020243538
031020243639
031022243237
031022243239
031022243338
031022243437
031214243639
031216243439
031216243639
031217223638
031217243438
031218223439
031218223639
031218243239
031218243437
031218243439
031218243538
031219223438
031219223638
031219243238
031219243436
031219243438
031220223437
031220223439
031220223538
031220223639
031220233436
031220233438
031220233638
031220243336
031220243338
031220243437
031220243439
031222243136
031222243138
031222243538
031222243639
031320223436
031320223438
031320223638
031320243638
031322243638
031416203639
031416223439
031416223639
031416243538
031417223438
031418203439
031418223239
031418223437
031418223439
031418223538
031418243237
031418243639
031419223238
031419223436
031419223438
031419243238
031419243638
031420223237
031420223239
031420223336
031420223338
031420223437
031420223439
031420233236
031420233238
031420233638
031420243136
031420243138
031420243235
031420243237
031420243538
031420243639
031422243136
031422243138
031422243538
031422243639
031618203538
031618203639
031618223138
031618223237
031618223239
031618223538
031618223639
031618242938
031618243136
031618243138
031618243437
031618243439
031618243538
031618243639
031619223238
031619223436
031619223638
031619243234
031619243236
031619243438
031619243638
031620223136
031620223235
031620223237
031620223239
031620223338
031620223639
031620233234
031620233238
031620233438
031620243134
031620243136
031620243338
031620243437
031620243439
031620243639
031622243134
031622243136
031622243235
031622243237
031622243338
031622243437
031622243439
031622243639
031720223234
031720223236
031720223238
031720243234
031720243436
031720243438
031722243236
031722243238
031722243436
031722243438
031820223138
031820223235
031820223237
031820223239
031820223336
031820223538
031820233234
031820233236
031820233436
031820243134
031820243138
031820243336
031820243439
031820243538
031822243134
031822243138
031822243235
031822243237
031822243239
031822243336
031822243437
031822243439
031822243538
031922243236
031922243238
031922243436
031922243438
040618243739
040718243639
040719243638
040816243739
040817243639
040818223739
040818233639
040819223639
040819233638
040917243638
040918223639
040918233638
040919223638
041016233639
041016243739
041017243538
041017243639
041018203739
041018233439
041018233538
041018243339
041018243537
041018243539
041018243739
041019223639
041019233438
041019243338
041019243538
041020223339
041020223537
041020223539
041020223739
041020233239
041020233538
041020233639
041022243137
041022243139
041022243335
041022243337
041022243339
041022243537
041022243539
041022243739
041214233639
041216223539
041216223739
041216233439
041216233639
041216243339
041216243537
041216243539
041216243739
041217223538
041217223639
041217243338
041217243538
041217243639
041218223537
041218223539
041218223739
041218233239
041218233437
041218233439
041218233538
041218243139
041218243337
041218243537
041218243539
041218243739
041219223338
041219223538
041219233238
041219233436
041219233438
041219243138
041219243336
041219243338
041219243538
041220223139
041220223337
041220223339
041220223537
041220223539
041220223739
041220233237
041220233239
041220233336
041220233338
041220233437
041220233439
041220243137
041220243139
041220243335
041220243337
041220243339
041220243537
041220243539
041220243739
041316203639
041316223439
041316223639
041316243239
041316243538
041317223438
041317243238
041317243638
041318203439
041318203538
041318243237
041318243239
041318243639
041319223238
041319223436
041319223438
041319243236
041319243238
041319243638
041320223237
041320223239
041320223336
041320223338
041320223437
041320223439
041320233236
041320233238
041320233638
041320243136
041320243138
041320243235
041320243237
041320243239
041320243639
041322243136
041322243138
041322243538
041322243639
041416203539
041416203739
041416223339
041416223537
041416223539
041416223739
041416233239
041416233538
041417203538
041417203639
041417223338
041417223538
041417223639
041417233238
041417233638
041418203339
041418203537
041418203539
041418203739
041418223139
041418223337
041418223537
041418223539
041418223739
041418233237
041418233239
041418233639
041419223138
041419223336
041419223338
041419223538
041419233236
041419233238
041419233638
041420223139
041420223335
041420223337
041420223339
041420223537
041420223539
041420223739
041420233136
041420233138
041420233235
041420233237
041420233239
041420233538
041420233639
041618222939
041618232938
041618233138
041618233437
041618233439
041618233538
041618242739
041618242937
041618243135
041618243137
041618243139
041618243335
041618243337
041618243339
041618243537
041618243539
041618243739
041619222938
041619223136
041619223235
041619223237
041619223336
041619223437
041619233234
041619233236
041619233438
041619233638
041619242738
041619243138
041619243235
041619243237
041619243338
041619243538
041620233134
041620233136
041620233338
041620233437
041620233439
041620233639
041620243133
041620243135
041620243137
041620243139
041620243335
041620243337
041620243339
041620243537
041620243539
041620243739
041622243133
041622243135
041622243137
041622243139
041622243335
041622243337
041622243339
041622243537
041622243539
041622243739
041719223236
041719223238
041719223436
041719223438
041719243236
041719243238
041719243638
041720223134
041720223235
041720223239
041720223439
041720233234
041720243136
041720243138
041720243235
041720243239
041720243336
041720243338
041720243538
041720243639
041722243136
041722243138
041722243336
041722243338
041722243538
041722243639
041820233134
041820233138
041820233336
041820233437
041820233439
041820233538
041820243133
041820243135
041820243137
041820243139
041820243335
041820243337
041820243339
041820243537
041820243539
041820243739
041822243133
041822243135
041822243137
041822243139
041822243335
041822243337
041822243537
041822243539
041822243739
041922243136
041922243138
041922243336
041922243338
041922243538
050718243638
050816243639
050817243638
050818223639
050818243639
050819223638
050819243638
050916243638
050918223638
050918243638
051014243639
051016223639
051016233638
051016243439
051016243538
051016243639
051017243438
051018203639
051018233438
051018233638
051018243338
051018243437
051018243439
051019243436
051019243438
051020223437
051020223439
051020233238
051020233436
051020233438
051020243138
051020243237
051020243338
051020243639
051022243237
051022243239
051022243437
051022243439
051022243538
051214223639
051214243639
051216203639
051216223439
051216233638
051216243239
051216243437
051216243439
051216243538
051216243639
051217223438
051217223638
051217243436
051217243438
051218223437
051218223439
051218223639
051218233438
051218233638
051218243138
051218243237
051218243239
051218243338
051218243437
051218243439
051219223436
051219223438
051219223638
051219243238
051219243436
051219243438
051220223138
051220223336
051220223338
051220223437
051220223439
051220223639
051220233236
051220243237
051220243437
051220243439
051220243538
051222243136
051222243138
051222243338
051222243639
051316203638
051316223638
051316243438
051316243638
051318203638
051318223438
051318223638
051318243238
051318243436
051318243638
051320223236
051320223238
051320243234
051320243436
051320243438
051322243236
051322243238
051322243436
051322243438
051416203439
051416203538
051416203639
051416223239
051416223437
051416223439
051416223538
051416223639
051416233438
051416233638
051416243138
051416243237
051416243338
051417203438
051417223238
051417223436
051417223438
051417243236
051417243238
051417243638
051418203338
051418203437
051418203439
051418223138
051418223237
051418223239
051418223338
051418223437
051418223439
051418233238
051418233638
051418243136
051418243237
051418243239
051418243336
051418243639
051419223236
051419223238
051419223436
051419223438
051419243238
051419243638
051420223237
051420223239
051420223437
051420223439
051420223538
051420233234
051420233436
051420233438
051420243136
051420243138
051420243237
051420243336
051420243338
051420243639
051422243136
051422243138
051422243338
051422243639
051618203138
051618203336
051618203338
051618203639
051618222938
051618223136
051618223138
051618223237
051618223239
051618223336
051618223338
051618223639
051618233238
051618242738
051618242936
051618242938
051618243134
051618243136
051618243138
051618243235
051618243336
051618243338
051618243437
051618243439
051618243639
051619223234
051619223238
051619223436
051619223638
051619243234
051619243236
051619243438
051619243638
051620223136
051620223237
051620223239
051620223336
051620223538
051620223639
051620233236
051620233638
051620243134
051620243136
051620243336
051620243437
051620243439
051620243538
051620243639
051622243134
051622243136
051622243237
051622243239
051622243437
051622243439
051622243538
051622243639
051720223234
051720223236
051720223238
051720243234
051720243436
051720243438
051722243236
051722243238
051722243436
051722243438
051820223138
051820223239
051820223338
051820233238
051820233638
051820243134
051820243138
051820243338
051820243437
051820243439
051822243134
051822243138
051822243237
051822243239
051822243338
051822243437
051822243439
051922243236
051922243238
051922243436
051922243438
060814243739
060816223739
060816243539
060816243739
060817223639
060817243439
060817243538
060817243639
060818203739
060818223539
060818223739
060818233439
060818243339
060818243537
060818243539
060818243739
060819223439
060819223538
060819233438
060819243239
060819243338
060819243437
060819243538
060916243538
060917223638
060917243438
060917243638
060918223538
060918233438
060918243239
060918243338
060918243437
060918243538
060919223438
060919243238
061013243639
061014243539
061014243739
061016223539
061016223739
061016233439
061016233538
061016243339
061016243537
061016243739
061017223639
061017233638
061017243439
061017243639
061018203539
061018203739
061018233538
061018233639
061019223439
061019233436
061019233638
061019243239
061019243437
061020223139
061020223337
061020223339
061020223537
061020223539
061020223739
061020233138
061020233237
061020233239
061020233538
061020243137
061020243139
061020243335
061020243337
061020243339
061020243537
061020243539
061020243739
061214223539
061214223739
061214233439
061214233639
061214243339
061214243537
061214243539
061214243739
061216203539
061216203739
061216233439
061216233538
061216243139
061216243339
061216243537
061216243539
061216243739
061217203639
061217223338
061217223439
061217223538
061217233238
061217233436
061217233638
061217243336
061217243439
061217243639
061218223139
061218223337
061218223339
061218223537
061218223539
061218223739
061218233138
061218233237
061218233239
061218233538
061218233639
061218242939
061219223138
061219223338
061219223538
061219233238
061219233436
061219233638
061219242938
061219243136
061219243235
061219243237
061219243336
061219243437
061220223137
061220223139
061220223335
061220223337
061220223339
061220223537
061220223539
061220223739
061220233136
061220233235
061220233237
061220233239
061220233338
061220233639
061222243133
061222243135
061222243137
061222243139
061222243335
061222243339
061222243537
061222243539
061222243739
061316203439
061316203538
061316223437
061316223439
061316223538
061316243138
061316243237
061316243239
061316243538
061317203638
061317223238
061317223436
061317223638
061317243236
061318203538
061318203639
061318223138
061318223237
061318223239
061318223538
061318223639
061318242938
061318243136
061318243138
061318243437
061318243439
061318243538
061318243639
061319223238
061319223436
061319223638
061319243234
061319243236
061319243438
061319243638
061320223136
061320223237
061320223239
061320223338
061320223639
061320233234
061320233238
061320233438
061320243136
061320243338
061320243437
061320243439
061320243639
061322243235
061322243237
061322243239
061322243338
061322243639
061416203339
061416203537
061416203739
061416223139
061416223337
061416223339
061416223537
061416223539
061416223739
061416233138
061416233237
061416233239
061416233538
061417203439
061417203639
061417223239
061417223336
061417223439
061417223639
061417233236
061417233438
061417233638
061417242938
061417243138
061417243235
061417243239
061417243338
061417243538
061418222939
061418232938
061418233136
061418233138
061418233437
061418233439
061418233538
061418233639
061418242937
061418243135
061418243137
061418243139
061418243335
061418243337
061418243339
061418243537
061418243539
061418243739
061419222938
061419223136
061419223235
061419223237
061419223336
061419223437
061419233234
061419233236
061419233438
061419233638
061419242738
061419243138
061419243235
061419243237
061419243338
061419243538
061420233134
061420233136
061420233338
061420233437
061420233439
061420233639
061420243133
061420243135
061420243137
061420243139
061420243335
061420243337
061420243339
061420243537
061420243739
061422243133
061422243135
061422243137
061422243139
061422243335
061422243337
061422243339
061422243537
061422243539
061422243739
061618203137
061618203139
061618203335
061618203337
061618203339
061618203537
061618203539
061618203739
061618222937
061618223135
061618223137
061618223139
061618223335
061618223337
061618223339
061618223537
061618223539
061618223739
061618233134
061618233235
061618233237
061618233239
061618233437
061618233439
061618242935
061618242937
061618243133
061618243135
061618243137
061618243139
061618243335
061618243337
061618243339
061618243537
061618243539
061618243739
061619222738
061619223134
061619223138
061619223338
061619223437
061619223538
061619233234
061619233438
061619242738
061619243138
061619243235
061619243237
061619243338
061619243538
061620223133
061620223135
061620223137
061620223139
061620223335
061620223337
061620223339
061620223537
061620223539
061620223739
061620233134
061620233138
061620233437
061620233439
061620233538
061620243133
061620243135
061620243137
061620243139
061620243335
061620243337
061620243339
061620243537
061620243539
061620243739
061622243133
061622243135
061622243137
061622243139
061622243335
061622243337
061622243339
061622243537
061622243539
061622243739
061719223234
061719223238
061719223436
061719223638
061719243234
061719243236
061719243438
061719243638
061720223136
061720223235
061720223239
061720223336
061720223437
061720223639
061720233236
061720233436
061720233638
061720243134
061720243136
061720243237
061720243336
061720243439
061720243639
061722243136
061722243235
061722243239
061722243336
061722243439
061722243639
061820233136
061820233138
061820233538
061820233639
061922243235
061922243237
061922243336
061922243437
070914243638
070916223638
070916243438
070916243638
070918203638
070918223438
070918223638
070918243238
070918243436
070918243638
071014243538
071014243639
071016223639
071016233638
071016243439
071016243639
071017223438
071017223638
071017243238
071017243638
071018203439
071018203639
071018223239
071018223338
071018223437
071018223538
071018233238
071018233438
071018233638
071018243138
071018243237
071018243338
071018243439
071018243538
071019223238
071019243436
071019243438
071020223138
071020223336
071020223338
071020223439
071020223538
071020223639
071020233236
071020233238
071020233436
071020233438
071020233638
071020243136
071020243138
071020243235
071020243239
071020243336
071020243338
071020243538
071020243639
071022243134
071022243235
071022243239
071022243439
071214223538
071214223639
071214233438
071214243338
071214243538
071214243639
071216203639
071216223338
071216223439
071216223538
071216233238
071216233436
071216233638
071216243239
071216243336
071216243439
071216243639
071217203438
071217203638
071217243638
071218203239
071218203338
071218203538
071218223336
071218223439
071218223639
071218233236
071218233438
071218233638
071218242938
071218243138
071218243235
071218243239
071218243338
071218243439
071218243538
071219223436
071219223438
071219223638
071219243238
071219243436
071219243438
071220223136
071220223138
071220223336
071220223338
071220223439
071220223538
071220223639
071220233234
071220233236
071220243134
071220243235
071220243239
071220243439
071222243136
071222243138
071222243336
071222243338
071222243538
071222243639
071316223238
071316223638
071316243236
071316243438
071316243638
071318203238
071318203438
071318203638
071318223236
071318223438
071318223638
071318243234
071318243238
071318243436
071318243638
071320223234
071320223236
071320223238
071320243234
071320243436
071320243438
071322243236
071322243238
071322243436
071322243438
071416203439
071416203639
071416223239
071416223336
071416223439
071416223639
071416233236
071416233438
071416233638
071416242938
071416243138
071416243235
071416243338
071416243538
071417203238
071417203638
071417223638
071418203138
071418203237
071418203338
071418203439
071418203538
071418222938
071418223138
071418223235
071418223239
071418223338
071418223439
071418223538
071418233234
071418233238
071418233436
071418233638
071418242936
071418243136
071418243235
071418243239
071418243336
071418243639
071419223236
071419223238
071419223436
071419223438
071419243238
071419243638
071420223134
071420223235
071420223239
071420223439
071420233234
071420233436
071420233438
071420243136
071420243138
071420243235
071420243239
071420243336
071420243338
071420243538
071420243639
071422243136
071422243138
071422243336
071422243338
071422243538
071422243639
071618202938
071618203136
071618203138
071618203237
071618203336
071618203338
071618203538
071618203639
071618222938
071618223138
071618223235
071618223239
071618223336
071618223338
071618223437
071618223538
071618223639
071618233236
071618233238
071618233438
071618242934
071618242936
071618242938
071618243134
071618243136
071618243138
071618243237
071618243336
071618243338
071618243439
071618243538
071618243639
071619223234
071619223238
071619223638
071619243234
071619243236
071619243438
071619243638
071620223235
071620223239
071620223336
071620223437
071620223639
071620233236
071620233436
071620243134
071620243136
071620243237
071620243336
071620243439
071620243639
071622243134
071622243235
071622243239
071622243336
071622243439
071622243639
071720223436
071720223438
071720223638
071720243236
071720243238
071720243638
071722243638
071820223138
071820223235
071820223239
071820223338
071820223538
071820233238
071820233438
071820233638
071820243134
071820243138
071820243237
071820243338
071820243439
071820243538
071822243134
071822243138
071822243235
071822243239
071822243338
071822243439
071822243538
071922243236
071922243238
071922243436
071922243438
081012223739
081013243439
081014203739
081014233538
081014243339
081014243537
081014243539
081014243739
081016203539
081016203739
081016233538
081016233639
081017203439
081017203639
081017223239
081017223338
081017223437
081017223538
081017233238
081017233438
081017233638
081017243138
081017243237
081017243338
081017243439
081017243538
081018223139
081018223337
081018223339
081018223537
081018223539
081018223739
081018233237
081018233239
081018233437
081018233439
081018233639
081018243137
081018243139
081018243335
081018243337
081018243339
081018243537
081018243539
081018243739
081019223138
081019223237
081019223338
081019223439
081019223538
081019223639
081019233238
081019233438
081019233638
081019243138
081019243239
081019243338
081019243437
081019243538
081019243639
081020223137
081020223139
081020223335
081020223337
081020223339
081020223537
081020223539
081020223739
081020233136
081020233235
081020233237
081020233239
081020233437
081020233439
081020233639
081020243135
081020243137
081020243139
081020243335
081020243337
081020243339
081020243537
081020243539
081020243739
081214223339
081214223537
081214223539
081214223739
081214233239
081214233437
081214233439
081214233538
081214243139
081214243337
081214243339
081214243537
081214243539
081214243739
081216223139
081216223337
081216223339
081216223537
081216223539
081216223739
081216233138
081216233237
081216233239
081216233538
081216233639
081216242939
081217203239
081217203338
081217203437
081217203538
081217223336
081217223439
081217223639
081217233236
081217233638
081217242938
081217243138
081217243235
081217243239
081217243338
081217243439
081217243538
081218203139
081218203337
081218203339
081218203537
081218203539
081218203739
081218233136
081218233437
081218233439
081218233639
081218242937
081218243135
081218243137
081218243139
081218243335
081218243337
081218243537
081218243539
081218243739
081219223136
081219223336
081219233234
081219233236
081219233438
081219233638
081219242738
081219242936
081219243134
081219243138
081219243235
081219243237
081219243338
081219243437
081219243538
081219243639
081220223135
081220223137
081220223139
081220223335
081220223337
081220223339
081220223537
081220223539
081220223739
081220233138
081220233235
081220233237
081220233239
081220233336
081220233538
081222243133
081222243135
081222243137
081222243139
081222243335
081222243337
081222243339
081222243537
081222243539
081222243739
081316203538
081316203639
081316223138
081316223237
081316223239
081316223538
081316223639
081316242938
081316243136
081316243138
081316243437
081316243439
081316243639
081317203238
081317203438
081317203638
081317223236
081317223438
081317223638
081317243234
081317243238
081317243436
081317243638
081318203237
081318203239
081318203437
081318203439
081318203639
081318223136
081318223437
081318223439
081318223639
081318242936
081318243136
081318243235
081318243237
081318243239
081318243639
081319223234
081319223236
081319223438
081319223638
081319243234
081319243238
081319243436
081319243638
081320223138
081320223237
081320223239
081320223336
081320223538
081320233234
081320233236
081320233436
081320243134
081320243138
081320243336
081320243437
081320243439
081322243138
081322243235
081322243237
081322243239
081322243336
081322243437
081322243439
081416222939
081416233136
081416233437
081416233439
081416233639
081416242739
081416242937
081416243135
081416243137
081416243139
081416243335
081416243337
081416243339
081416243537
081416243539
081416243739
081417203138
081417203237
081417203439
081417203538
081417222938
081417223138
081417223235
081417223239
081417223338
081417223439
081417223538
081417233234
081417233238
081417233436
081417233638
081417242936
081417243136
081417243235
081417243239
081417243336
081417243639
081418203137
081418203139
081418203335
081418203337
081418203339
081418203537
081418203539
081418203739
081418222739
081418222937
081418223135
081418223137
081418223139
081418223335
081418223337
081418223339
081418223537
081418223539
081418223739
081418232936
081418233136
081418233235
081418233237
081418233239
081418233639
081419222738
081419222936
081419223134
081419223138
081419223338
081419223437
081419223538
081419223639
081419233234
081419233238
081419233436
081419233638
081419242736
081419243136
081419243235
081419243237
081419243336
081420233134
081420233138
081420233336
081420233437
081420233439
081420233538
081420243133
081420243135
081420243137
081420243139
081420243335
081420243337
081420243339
081420243537
081420243539
081420243739
081422243133
081422243135
081422243137
081422243139
081422243335
081422243337
081422243339
081422243537
081422243539
081422243739
081618202739
081618202937
081618203135
081618203137
081618203139
081618203335
081618203337
081618203339
081618203537
081618203539
081618203739
081618222739
081618222935
081618222937
081618223133
081618223135
081618223137
081618223139
081618223335
081618223337
081618223339
081618223537
081618223539
081618223739
081618232934
081618233134
081618233235
081618233237
081618233239
081618233437
081618233439
081618242735
081618242739
081618242933
081618242935
081618242937
081618243133
081618243135
081618243137
081618243139
081618243335
081618243337
081618243339
081618243537
081618243539
081618243739
081619222736
081619222738
081619222934
081619223136
081619223138
081619223235
081619223336
081619223338
081619223439
081619223538
081619233236
081619233436
081619242734
081619242736
081619242738
081619242932
081619243134
081619243136
081619243138
081619243239
081619243336
081619243338
081619243437
081619243538
081620233136
081620233138
081620233538
081620233639
081719223234
081719223236
081719223438
081719223638
081719243234
081719243238
081719243436
081719243638
081720223138
081720223235
081720223239
081720223338
081720223437
081720223538
081720233238
081720233438
081720233638
081720243134
081720243138
081720243237
081720243338
081720243439
081720243538
081722243134
081722243138
081722243235
081722243239
081722243338
081722243439
081722243538
081820223133
081820223135
081820223137
081820223139
081820223335
081820223337
081820223339
081820223537
081820223539
081820223739
081820233134
081820233136
081820233235
081820233237
081820233239
081820233437
081820233439
081820233639
081820243133
081820243135
081820243137
081820243139
081820243335
081820243337
081820243339
081820243537
081820243539
081820243739
081822243133
081822243135
081822243137
081822243139
081822243335
081822243337
081822243339
081822243537
081822243539
081822243739
081922243134
081922243138
081922243235
081922243237
081922243338
081922243437
081922243538
081922243639
091214203639
091214223538
091214233238
091214233436
091214233438
091214243336
091216203439
091216223138
091216223338
091216223538
091216233238
091216233436
091216233638
091216242938
091216243136
091216243235
091216243237
091216243336
091216243437
091217203238
091217223436
091217223438
091217223638
091217243236
091217243238
091217243436
091217243438
091218203138
091218203237
091218203338
091218203439
091218203538
091218203639
091218223136
091218223336
091218223437
091218233234
091218233236
091218233438
091218233638
091218242738
091218242936
091218243134
091218243138
091218243235
091218243237
091218243338
091218243437
091218243538
091218243639
091219243638
091220223134
091220223136
091220223138
091220223336
091220223338
091220223437
091220223538
091220233234
091220233236
091220243134
091220243235
091220243237
091220243437
091220243639
091222243136
091222243138
091222243336
091222243338
091222243538
091316203436
091316203638
091316223238
091316223638
091316243234
091316243236
091316243438
091316243638
091318203238
091318203438
091318203638
091318223234
091318223236
091318223438
091318223638
091318243234
091318243238
091318243436
091318243638
091320223234
091320223236
091320223238
091320243234
091320243436
091320243438
091322243236
091322243238
091322243436
091322243438
091416203239
091416203336
091416203437
091416222938
091416223136
091416223235
091416223237
091416223336
091416233234
091416233236
091416242738
091416243138
091416243235
091416243237
091416243338
091416243538
091417203436
091417203438
091417223236
091417223238
091417223436
091417223438
091417243236
091417243238
091417243638
091418203138
091418203239
091418203338
091418203437
091418203639
091418222738
091418222936
091418223134
091418223138
091418223235
091418223237
091418223338
091418223437
091418223538
091418223639
091418233234
091418233238
091418233436
091418233638
091418242736
091418243136
091418243235
091418243237
091418243336
091419223638
091420223134
091420223235
091420223237
091420223437
091420223639
091420233234
091420233436
091420233438
091420243136
091420243138
091420243235
091420243237
091420243336
091420243338
091420243538
091422243136
091422243138
091422243336
091422243338
091422243538
091618202738
091618203136
091618203138
091618203239
091618203336
091618203338
091618203439
091618203538
091618222736
091618222738
091618222934
091618223136
091618223138
091618223235
091618223237
091618223336
091618223338
091618223439
091618223538
091618233236
091618233238
091618233438
091618242734
091618242736
091618242738
091618242932
091618243134
091618243136
091618243138
091618243239
091618243336
091618243338
091618243437
091618243538
091619223438
091619243238
091620223136
091620223235
091620223237
091620223336
091620223439
091620233236
091620233436
091620233638
091620243134
091620243136
091620243239
091620243336
091620243437
091622243134
091622243136
091622243235
091622243237
091622243336
091720223234
091720223236
091720223238
091720243234
091720243436
091720243438
091722243236
091722243238
091722243436
091722243438
091820223138
091820223235
091820223237
091820223338
091820223439
091820223538
091820223639
091820233238
091820233438
091820233638
091820243134
091820243138
091820243239
091820243338
091820243437
091820243538
091820243639
091822243134
091822243138
091822243235
091822243237
091822243338
091822243437
091822243538
091822243639
091922243638
