011127284043
011127284045
011127284049
011227284143
011227284145
011227284149
011227284749
011327284043
011327284047
011327284548
011527284045
011527284047
011527284348
011727284043
011727284045
011727284049
011827284345
011827284349
011827284549
011927284047
011927284049
011927284348
011927284548
021127284143
021127284347
021127284547
021127284749
021327284143
021327284345
021327284349
021327284547
021327284749
021527284145
021527284147
021527284345
021527284347
021527284749
021727284143
021727284145
021727284149
021727284345
021727284349
021727284549
021927284147
021927284149
021927284349
021927284547
031127284043
031127284047
031127284548
031227284143
031227284147
031227284749
031327284045
031327284049
031527284043
031527284045
031527284047
031727284045
031727284049
031827284149
031927284043
031927284047
031927284049
031927284148
031927284548
081127284345
081127284349
081127284549
081327284145
081327284149
081327284549
081527284143
081527284149
081527284349
081927284143
081927284145
081927284345
091127284047
091127284049
091127284348
091127284548
091227284147
091227284149
091227284349
091227284549
091327284043
091327284047
091327284049
091327284148
091327284548
091527284045
091527284047
091527284049
091527284148
091527284348
091727284043
091727284045
091827284143
091827284145
091827284345
091927284043
091927284045
