011418424649
020417303849
020423384049
020508263140
020511264044
020511384044
020514263849
020518264047
020524303841
020621384449
020824263537
021021364447
021118264447
021123364044
021719263044
021921384446
040608313542
040817303542
040819274246
041922354046
042022273843
050823404446
051420313642
051420364247
051820264447
051820424447
061019384447
061419314042
061419374042
062224374043
081014263147
081023354244
081024313643
081119424446
081420264347
082024263349
082024273346
082124273640
101422333649
101921363842
101921384244
111420363843
111422363843
111822303746
112022273638
141821424649
141825303746
142023364247
142225303746
152024263138
