030608192639
030609152839
030609172839
031012172436
031022232636
031215172838
031217192636
040509192839
040608172639
040809192839
041217192634
041220212334
041221232634
050608192839
050809182636
050809192336
050809192836
051012152438
051015182638
051020212331
051215182638
051220212331
051220212634
051220212636
051517192634
060809152834
060809152839
060809172439
060809172638
060809192639
061015172331
061015172631
061015182639
061215182934
081015182431
081015192634
081015192834
081215172639
081215192031
081220222331
081221222431
081720212331
091012192334
091012192634
091015182639
091015192831
091215172634
091215172636
091215182636
091215192831
