121417202649
051322263448
192226284045
121519262830
101921283234
011320262842
071638404449
071524283240
061419273240
101419213238
121417304548
122124273038
121417202946
121724283035
051928424446
101417234246
011220354446
070926323438
151922264448
121923262834
071220243845
091730323844
101322244649
222534384649
111420222649
091534404648
131532343846
112530424648
011622404447
071221242840
121416233047
051024263243
051024263742
112224263847
051012163449
051028343746
011624323847
072426404245
101319243246
091227444648
101216213849
111330384246
101622273538
051223262830
071625323438
060912203843
061225304348
092432434648
052026323437
111332444648
