081522334044
061018223347
021316183447
020538404449
162025283439
070914223048
082035424449
111618303344
060917203844
101431333842
021016293744
020620293134
081419263742
101519222648
071116223840
061821303449
151826404247
021726334448
021428303537
111417263038
021820263541
161930354248
062533404248
060820223739
051120263448
101316284249
081026313449
051629343842
112226283544
061519283442
131621404448
060810134144
061422313540
061014172839
141618203749
050814163039
182225293440
021025344148
091326303442
051620223144
