062326313547
052326384349
042231334147
042229323746
062226384349
092026353846
062326384547
052031384143
052028313740
092426364547
092328374548
042029354448
042426334147
062228374547
052428374045
092226324548
052029314148
052429324045
062332374348
042428323741
062429333545
052333374048
062329324347
042229353749
052026384043
052328323743
052126334548
032128334446
092229333648
052226353743
042031334449
092428333749
042133374449
062126323544
042132354345
032231384349
052228334145
062232374149
042333354049
062229313747
052228324649
052229354348
042132374448
052326324648
032335384446
092229313546
062229364348
092029323846
092228354049
052431334346
